0 1581814188883574784
1 1581814073951686656
2 1581994543095816192
3 1581994088345522176
4 1581994006254616577
5 1581813787853627392
6 1581814172471373824
7 1581814323726278656
8 1581813450119950337
9 1581813351205597185
10 1581814090229743617
11 1581813285552209920
12 1581813384072208384
13 1581813669188411392
14 1581813400405172224
15 1581993973463515136
16 1581813570932969472
17 1581813505811808257
18 1581993940726599680
19 1581813804203401216
20 1581993753254191107
21 1581814257884483585
22 1581994191345053702
23 1581993506314551296
24 1581993687785287680
25 1581814155882811392
26 1581813416968491009
27 1581994695290343426
28 1581813619972403200
29 1581993736820903940
30 1581994257682141185
31 1581813334839791616
32 1581993374185590784
33 1581813603594047488
34 1581994291362029568
35 1581813302199734272
36 1581813853444517888
37 1581993357827461121
38 1581993473430802434
39 1581814307255308288
40 1581994526524157953
41 1581993539143028738
42 1581814057627049985
43 1581993989825187841
44 1581814205488852992
45 1582006773032325120
46 1582015080493092864
47 1581994510241759232
48 1581993456565907458
49 1581994274182529025
50 1581813702223101952
51 1581813837128675329
52 1581993341419687938
53 1581814024932450306
54 1581813318553325569
55 1581994461055266817
56 1581993423577358336
57 1581814008507559936
58 1581813652801585152
59 1581993555589226496
60 1581994055705116674
61 1581814123192496129
62 1581814106759131136
63 1581813367584755714
64 1581813538355494913
65 1581993407140212744
66 1581994477497241601
67 1581814274267062272
68 1581994493896626176
69 1581993704163663873
70 1581994444554805250
71 1581993489880842246
72 1581993390786609154
73 1581813587332321280
74 1581813771500388352
75 1581994022616256512
76 1581813522144514048
77 1581993720487870464
78 1581814290851725312
79 1581993522710056961
80 1581814139579944962
81 1581813433414324225
82 1581993440094859270
83 1581813636431241218
84 1581813755016785921
85 1581993957143171072
86 1581994224488448001
87 1581813685726908417
88 1581813820561186818
89 1581994039410585600
90 1581813554608369665
91 1581813466486034432
92 1581994208025399298
93 1581814041328377858
94 1581994071999930368
95 1581994241387290625
