259.4239 20.5000 -360.0000
259.4500 20.4880 -360.0000
259.5000 20.4690 -360.0000
259.5500 20.4542 -360.0000
259.5691 20.4500 -360.0000
259.6000 20.4432 -360.0000
259.6500 20.4358 -360.0000
259.7000 20.4316 -360.0000
259.7500 20.4303 -360.0000
259.8000 20.4315 -360.0000
259.8500 20.4348 -360.0000
259.9000 20.4397 -360.0000
259.9500 20.4458 -360.0000
259.9815 20.4500 -360.0000
260.0000 20.4525 -360.0000
260.0500 20.4592 -360.0000
260.1000 20.4656 -360.0000
260.1500 20.4713 -360.0000
260.2000 20.4759 -360.0000
260.2500 20.4792 -360.0000
260.3000 20.4808 -360.0000
260.3500 20.4808 -360.0000
260.4000 20.4790 -360.0000
260.4500 20.4755 -360.0000
260.5000 20.4703 -360.0000
260.5500 20.4634 -360.0000
260.6000 20.4549 -360.0000
260.6253 20.4500 -360.0000
260.6500 20.4449 -360.0000
260.7000 20.4334 -360.0000
260.7500 20.4205 -360.0000
260.8000 20.4065 -360.0000
260.8219 20.4000 -360.0000
260.8500 20.3913 -360.0000
260.9000 20.3751 -360.0000
260.9500 20.3581 -360.0000
260.9729 20.3500 -360.0000
261.0000 20.3402 -360.0000
261.0500 20.3217 -360.0000
261.1000 20.3027 -360.0000
261.1070 20.3000 -360.0000
261.1500 20.2832 -360.0000
261.2000 20.2634 -360.0000
261.2335 20.2500 -360.0000
261.2500 20.2434 -360.0000
261.3000 20.2232 -360.0000
261.3500 20.2029 -360.0000
261.3572 20.2000 -360.0000
261.4000 20.1827 -360.0000
261.4500 20.1624 -360.0000
261.4804 20.1500 -360.0000
261.5000 20.1421 -360.0000
261.5500 20.1216 -360.0000
261.6000 20.1009 -360.0000
261.6021 20.1000 -360.0000
261.6500 20.0799 -360.0000
261.7000 20.0584 -360.0000
261.7191 20.0500 -360.0000
261.7500 20.0365 -360.0000
261.8000 20.0141 -360.0000
261.8304 20.0000 -360.0000
261.8500 19.9911 -360.0000
261.9000 19.9678 -360.0000
261.9373 19.9500 -360.0000
261.9500 19.9441 -360.0000
262.0000 19.9202 -360.0000
262.0417 19.9000 -360.0000
262.0500 19.8961 -360.0000
262.1000 19.8720 -360.0000
262.1453 19.8500 -360.0000
262.1500 19.8478 -360.0000
262.2000 19.8238 -360.0000
262.2491 19.8000 -360.0000
262.2500 19.7996 -360.0000
262.3000 19.7759 -360.0000
262.3500 19.7523 -360.0000
262.3548 19.7500 -360.0000
262.4000 19.7294 -360.0000
262.4500 19.7071 -360.0000
262.4663 19.7000 -360.0000
262.5000 19.6859 -360.0000
262.5500 19.6660 -360.0000
262.5928 19.6500 -360.0000
262.6000 19.6474 -360.0000
262.6500 19.6307 -360.0000
262.7000 19.6157 -360.0000
262.7500 19.6023 -360.0000
262.7599 19.6000 -360.0000
262.8000 19.5909 -360.0000
262.8500 19.5810 -360.0000
262.9000 19.5727 -360.0000
262.9500 19.5658 -360.0000
263.0000 19.5603 -360.0000
263.0500 19.5563 -360.0000
263.1000 19.5537 -360.0000
263.1500 19.5527 -360.0000
263.2000 19.5533 -360.0000
