256.2207 20.7500 -160.0000
256.2397 20.7000 -160.0000
256.2500 20.6717 -160.0000
256.2578 20.6500 -160.0000
256.2750 20.6000 -160.0000
256.2915 20.5500 -160.0000
256.3000 20.5231 -160.0000
256.3073 20.5000 -160.0000
256.3228 20.4500 -160.0000
256.3380 20.4000 -160.0000
256.3500 20.3604 -160.0000
256.3532 20.3500 -160.0000
256.3690 20.3000 -160.0000
256.3854 20.2500 -160.0000
256.4000 20.2081 -160.0000
256.4029 20.2000 -160.0000
256.4225 20.1500 -160.0000
256.4441 20.1000 -160.0000
256.4500 20.0876 -160.0000
256.4692 20.0500 -160.0000
256.4979 20.0000 -160.0000
256.5000 19.9967 -160.0000
256.5329 19.9500 -160.0000
256.5500 19.9282 -160.0000
256.5751 19.9000 -160.0000
256.6000 19.8746 -160.0000
256.6279 19.8500 -160.0000
256.6500 19.8321 -160.0000
256.6966 19.8000 -160.0000
256.7000 19.7978 -160.0000
256.7500 19.7704 -160.0000
256.7945 19.7500 -160.0000
256.8000 19.7476 -160.0000
256.8500 19.7291 -160.0000
256.9000 19.7134 -160.0000
256.9497 19.7000 -160.0000
256.9500 19.6999 -160.0000
257.0000 19.6884 -160.0000
257.0500 19.6783 -160.0000
257.1000 19.6693 -160.0000
257.1500 19.6612 -160.0000
257.2000 19.6542 -160.0000
257.2358 19.6500 -160.0000
257.2500 19.6484 -160.0000
257.3000 19.6437 -160.0000
257.3500 19.6404 -160.0000
257.4000 19.6384 -160.0000
257.4500 19.6380 -160.0000
257.5000 19.6391 -160.0000
257.5500 19.6418 -160.0000
257.6000 19.6461 -160.0000
257.6334 19.6500 -160.0000
257.6500 19.6519 -160.0000
257.7000 19.6593 -160.0000
257.7500 19.6684 -160.0000
257.8000 19.6791 -160.0000
257.8500 19.6915 -160.0000
257.8806 19.7000 -160.0000
257.9000 19.7054 -160.0000
257.9500 19.7207 -160.0000
258.0000 19.7375 -160.0000
258.0349 19.7500 -160.0000
258.0500 19.7554 -160.0000
258.1000 19.7739 -160.0000
258.1500 19.7930 -160.0000
258.1684 19.8000 -160.0000
258.2000 19.8120 -160.0000
258.2500 19.8308 -160.0000
258.3000 19.8493 -160.0000
258.3019 19.8500 -160.0000
258.3500 19.8669 -160.0000
258.4000 19.8839 -160.0000
258.4487 19.9000 -160.0000
258.4500 19.9004 -160.0000
258.5000 19.9158 -160.0000
258.5500 19.9307 -160.0000
258.6000 19.9450 -160.0000
258.6186 19.9500 -160.0000
258.6500 19.9581 -160.0000
258.7000 19.9698 -160.0000
258.7500 19.9801 -160.0000
258.8000 19.9886 -160.0000
258.8500 19.9950 -160.0000
258.9000 19.9990 -160.0000
258.9291 20.0000 -160.0000
258.9500 20.0006 -160.0000
259.0000 20.0001 -160.0000
259.0015 20.0000 -160.0000
259.0500 19.9975 -160.0000
259.1000 19.9932 -160.0000
259.1500 19.9877 -160.0000
259.2000 19.9812 -160.0000
259.2500 19.9741 -160.0000
259.3000 19.9667 -160.0000
259.3500 19.9591 -160.0000
259.4000 19.9516 -160.0000
259.4108 19.9500 -160.0000
259.4500 19.9438 -160.0000
259.5000 19.9360 -160.0000
259.5500 19.9284 -160.0000
259.6000 19.9209 -160.0000
259.6500 19.9135 -160.0000
259.7000 19.9062 -160.0000
259.7409 19.9000 -160.0000
259.7500 19.8985 -160.0000
259.8000 19.8901 -160.0000
259.8500 19.8813 -160.0000
259.9000 19.8720 -160.0000
259.9500 19.8619 -160.0000
260.0000 19.8511 -160.0000
260.0045 19.8500 -160.0000
260.0500 19.8387 -160.0000
260.1000 19.8253 -160.0000
260.1500 19.8110 -160.0000
260.1863 19.8000 -160.0000
260.2000 19.7956 -160.0000
260.2500 19.7789 -160.0000
260.3000 19.7613 -160.0000
260.3311 19.7500 -160.0000
260.3500 19.7428 -160.0000
260.4000 19.7233 -160.0000
260.4500 19.7034 -160.0000
260.4584 19.7000 -160.0000
260.5000 19.6826 -160.0000
260.5500 19.6617 -160.0000
260.5781 19.6500 -160.0000
260.6000 19.6406 -160.0000
260.6500 19.6195 -160.0000
260.6973 19.6000 -160.0000
260.7000 19.5988 -160.0000
260.7500 19.5782 -160.0000
260.8000 19.5582 -160.0000
260.8211 19.5500 -160.0000
260.8500 19.5386 -160.0000
260.9000 19.5194 -160.0000
260.9500 19.5007 -160.0000
260.9520 19.5000 -160.0000
261.0000 19.4820 -160.0000
261.0500 19.4636 -160.0000
261.0877 19.4500 -160.0000
261.1000 19.4455 -160.0000
261.1500 19.4271 -160.0000
261.2000 19.4089 -160.0000
261.2246 19.4000 -160.0000
261.2500 19.3906 -160.0000
261.3000 19.3721 -160.0000
261.3500 19.3538 -160.0000
261.3604 19.3500 -160.0000
261.4000 19.3351 -160.0000
261.4500 19.3165 -160.0000
261.4949 19.3000 -160.0000
261.5000 19.2981 -160.0000
261.5500 19.2791 -160.0000
261.6000 19.2604 -160.0000
261.6281 19.2500 -160.0000
261.6500 19.2416 -160.0000
261.7000 19.2225 -160.0000
261.7500 19.2037 -160.0000
261.7598 19.2000 -160.0000
261.8000 19.1845 -160.0000
261.8500 19.1654 -160.0000
261.8911 19.1500 -160.0000
261.9000 19.1465 -160.0000
261.9500 19.1275 -160.0000
262.0000 19.1088 -160.0000
262.0243 19.1000 -160.0000
262.0500 19.0904 -160.0000
262.1000 19.0721 -160.0000
262.1500 19.0545 -160.0000
262.1630 19.0500 -160.0000
262.2000 19.0369 -160.0000
262.2500 19.0197 -160.0000
262.3000 19.0030 -160.0000
262.3092 19.0000 -160.0000
262.3500 18.9862 -160.0000
262.4000 18.9697 -160.0000
262.4500 18.9537 -160.0000
262.4618 18.9500 -160.0000
262.5000 18.9374 -160.0000
262.5500 18.9213 -160.0000
262.6000 18.9056 -160.0000
262.6184 18.9000 -160.0000
262.6500 18.8897 -160.0000
262.7000 18.8738 -160.0000
262.7500 18.8581 -160.0000
262.7761 18.8500 -160.0000
262.8000 18.8421 -160.0000
262.8500 18.8258 -160.0000
262.9000 18.8096 -160.0000
262.9298 18.8000 -160.0000
262.9500 18.7931 -160.0000
263.0000 18.7760 -160.0000
263.0500 18.7590 -160.0000
263.0767 18.7500 -160.0000
263.1000 18.7417 -160.0000
263.1500 18.7243 -160.0000
263.2000 18.7071 -160.0000
263.2215 18.7000 -160.0000
263.2500 18.6902 -160.0000
263.3000 18.6737 -160.0000
263.3500 18.6579 -160.0000
263.3763 18.6500 -160.0000
263.4000 18.6427 -160.0000
263.4500 18.6282 -160.0000
263.5000 18.6143 -160.0000
263.5500 18.6008 -160.0000
263.5532 18.6000 -160.0000
263.6000 18.5875 -160.0000
263.6500 18.5742 -160.0000
263.7000 18.5606 -160.0000
263.7380 18.5500 -160.0000
263.7500 18.5466 -160.0000
263.8000 18.5317 -160.0000
263.8500 18.5160 -160.0000
263.8982 18.5000 -160.0000
263.9000 18.4994 -160.0000
263.9500 18.4816 -160.0000
264.0000 18.4631 -160.0000
264.0341 18.4500 -160.0000
264.0500 18.4437 -160.0000
264.1000 18.4236 -160.0000
264.1500 18.4033 -160.0000
264.1580 18.4000 -160.0000
264.2000 18.3824 -160.0000
264.2500 18.3616 -160.0000
264.2779 18.3500 -160.0000
264.3000 18.3406 -160.0000
264.3500 18.3193 -160.0000
264.3953 18.3000 -160.0000
264.4000 18.2979 -160.0000
264.4500 18.2759 -160.0000
264.5000 18.2536 -160.0000
264.5078 18.2500 -160.0000
264.5500 18.2305 -160.0000
264.6000 18.2070 -160.0000
264.6146 18.2000 -160.0000
264.6500 18.1831 -160.0000
264.7000 18.1589 -160.0000
264.7183 18.1500 -160.0000
264.7500 18.1348 -160.0000
264.8000 18.1108 -160.0000
264.8227 18.1000 -160.0000
264.8500 18.0872 -160.0000
264.9000 18.0641 -160.0000
264.9307 18.0500 -160.0000
264.9500 18.0414 -160.0000
265.0000 18.0191 -160.0000
265.0435 18.0000 -160.0000
265.0500 17.9972 -160.0000
265.1000 17.9757 -160.0000
265.1500 17.9544 -160.0000
265.1605 17.9500 -160.0000
265.2000 17.9335 -160.0000
265.2500 17.9128 -160.0000
265.2812 17.9000 -160.0000
265.3000 17.8923 -160.0000
265.3500 17.8722 -160.0000
265.4000 17.8524 -160.0000
265.4062 17.8500 -160.0000
265.4500 17.8329 -160.0000
265.5000 17.8137 -160.0000
265.5364 17.8000 -160.0000
265.5500 17.7948 -160.0000
265.6000 17.7762 -160.0000
265.6500 17.7578 -160.0000
265.6713 17.7500 -160.0000
265.7000 17.7394 -160.0000
265.7500 17.7211 -160.0000
265.8000 17.7026 -160.0000
265.8070 17.7000 -160.0000
265.8500 17.6837 -160.0000
265.9000 17.6642 -160.0000
265.9352 17.6500 -160.0000
265.9500 17.6439 -160.0000
266.0000 17.6225 -160.0000
266.0495 17.6000 -160.0000
266.0500 17.5998 -160.0000
266.1000 17.5753 -160.0000
266.1485 17.5500 -160.0000
266.1500 17.5492 -160.0000
266.2000 17.5208 -160.0000
266.2343 17.5000 -160.0000
266.2500 17.4903 -160.0000
266.3000 17.4572 -160.0000
266.3103 17.4500 -160.0000
266.3500 17.4215 -160.0000
266.3782 17.4000 -160.0000
266.4000 17.3830 -160.0000
266.4401 17.3500 -160.0000
266.4500 17.3416 -160.0000
266.4967 17.3000 -160.0000
266.5000 17.2970 -160.0000
266.5490 17.2500 -160.0000
266.5500 17.2490 -160.0000
266.5978 17.2000 -160.0000
266.6000 17.1977 -160.0000
266.6440 17.1500 -160.0000
266.6500 17.1434 -160.0000
266.6883 17.1000 -160.0000
266.7000 17.0867 -160.0000
266.7315 17.0500 -160.0000
266.7500 17.0287 -160.0000
266.7745 17.0000 -160.0000
266.8000 16.9707 -160.0000
266.8178 16.9500 -160.0000
266.8500 16.9138 -160.0000
266.8621 16.9000 -160.0000
266.9000 16.8586 -160.0000
266.9078 16.8500 -160.0000
266.9500 16.8055 -160.0000
266.9552 16.8000 -160.0000
267.0000 16.7543 -160.0000
267.0041 16.7500 -160.0000
267.0500 16.7043 -160.0000
267.0543 16.7000 -160.0000
267.1000 16.6550 -160.0000
267.1049 16.6500 -160.0000
267.1500 16.6054 -160.0000
267.1552 16.6000 -160.0000
267.2000 16.5548 -160.0000
267.2046 16.5500 -160.0000
267.2500 16.5026 -160.0000
267.2524 16.5000 -160.0000
267.2984 16.4500 -160.0000
267.3000 16.4483 -160.0000
267.3427 16.4000 -160.0000
267.3500 16.3919 -160.0000
267.3858 16.3500 -160.0000
267.4000 16.3338 -160.0000
267.4282 16.3000 -160.0000
267.4500 16.2747 -160.0000
267.4705 16.2500 -160.0000
267.5000 16.2156 -160.0000
267.5130 16.2000 -160.0000
267.5500 16.1571 -160.0000
267.5560 16.1500 -160.0000
267.6000 16.1000 -160.0000
267.6000 16.1000 -160.0000
267.6448 16.0500 -160.0000
267.6500 16.0444 -160.0000
267.6911 16.0000 -160.0000
267.7000 15.9907 -160.0000
267.7390 15.9500 -160.0000
267.7500 15.9388 -160.0000
267.7887 15.9000 -160.0000
267.8000 15.8889 -160.0000
267.8402 15.8500 -160.0000
267.8500 15.8406 -160.0000
267.8935 15.8000 -160.0000
267.9000 15.7940 -160.0000
267.9487 15.7500 -160.0000
267.9500 15.7489 -160.0000
268.0000 15.7048 -160.0000
268.0056 15.7000 -160.0000
268.0500 15.6617 -160.0000
268.0639 15.6500 -160.0000
268.1000 15.6195 -160.0000
268.1236 15.6000 -160.0000
268.1500 15.5781 -160.0000
268.1845 15.5500 -160.0000
268.2000 15.5374 -160.0000
268.2466 15.5000 -160.0000
268.2500 15.4973 -160.0000
268.3000 15.4575 -160.0000
268.3096 15.4500 -160.0000
268.3500 15.4183 -160.0000
268.3738 15.4000 -160.0000
268.4000 15.3798 -160.0000
268.4395 15.3500 -160.0000
268.4500 15.3421 -160.0000
268.5000 15.3050 -160.0000
268.5069 15.3000 -160.0000
268.5500 15.2685 -160.0000
268.5761 15.2500 -160.0000
268.6000 15.2330 -160.0000
268.6479 15.2000 -160.0000
268.6500 15.1986 -160.0000
268.7000 15.1646 -160.0000
268.7221 15.1500 -160.0000
268.7500 15.1316 -160.0000
268.7993 15.1000 -160.0000
268.8000 15.0995 -160.0000
268.8500 15.0678 -160.0000
268.8788 15.0500 -160.0000
268.9000 15.0369 -160.0000
268.9500 15.0066 -160.0000
268.9610 15.0000 -160.0000
269.0000 14.9766 -160.0000
269.0458 14.9500 -160.0000
269.0500 14.9476 -160.0000
269.1000 14.9188 -160.0000
269.1339 14.9000 -160.0000
269.1500 14.8910 -160.0000
269.2000 14.8639 -160.0000
269.2263 14.8500 -160.0000
269.2500 14.8376 -160.0000
269.3000 14.8120 -160.0000
269.3244 14.8000 -160.0000
269.3500 14.7873 -160.0000
269.4000 14.7632 -160.0000
269.4284 14.7500 -160.0000
269.4500 14.7398 -160.0000
269.5000 14.7168 -160.0000
269.5375 14.7000 -160.0000
269.5500 14.6943 -160.0000
269.6000 14.6719 -160.0000
269.6500 14.6500 -160.0000
269.6500 14.6500 -160.0000
269.7000 14.6277 -160.0000
269.7500 14.6059 -160.0000
269.7637 14.6000 -160.0000
269.8000 14.5839 -160.0000
269.8500 14.5620 -160.0000
269.8776 14.5500 -160.0000
269.9000 14.5400 -160.0000
269.9500 14.5179 -160.0000
269.9907 14.5000 -160.0000
270.0000 14.4958 -160.0000
270.0500 14.4733 -160.0000
270.1000 14.4510 -160.0000
270.1023 14.4500 -160.0000
270.1500 14.4281 -160.0000
270.2000 14.4054 -160.0000
270.2118 14.4000 -160.0000
270.2500 14.3821 -160.0000
270.3000 14.3590 -160.0000
270.3194 14.3500 -160.0000
270.3500 14.3355 -160.0000
270.4000 14.3120 -160.0000
270.4258 14.3000 -160.0000
270.4500 14.2884 -160.0000
270.5000 14.2649 -160.0000
270.5322 14.2500 -160.0000
270.5500 14.2415 -160.0000
270.6000 14.2182 -160.0000
270.6399 14.2000 -160.0000
270.6500 14.1953 -160.0000
270.7000 14.1722 -160.0000
270.7496 14.1500 -160.0000
270.7500 14.1498 -160.0000
270.8000 14.1270 -160.0000
270.8500 14.1046 -160.0000
270.8603 14.1000 -160.0000
270.9000 14.0817 -160.0000
270.9500 14.0586 -160.0000
270.9686 14.0500 -160.0000
271.0000 14.0350 -160.0000
271.0500 14.0108 -160.0000
271.0722 14.0000 -160.0000
271.1000 13.9861 -160.0000
271.1500 13.9610 -160.0000
271.1719 13.9500 -160.0000
271.2000 13.9357 -160.0000
271.2500 13.9105 -160.0000
271.2710 13.9000 -160.0000
271.3000 13.8856 -160.0000
271.3500 13.8611 -160.0000
271.3729 13.8500 -160.0000
271.4000 13.8370 -160.0000
271.4500 13.8134 -160.0000
271.4786 13.8000 -160.0000
271.5000 13.7900 -160.0000
271.5500 13.7667 -160.0000
271.5858 13.7500 -160.0000
271.6000 13.7434 -160.0000
271.6500 13.7197 -160.0000
271.6912 13.7000 -160.0000
271.7000 13.6958 -160.0000
271.7500 13.6714 -160.0000
271.7940 13.6500 -160.0000
271.8000 13.6471 -160.0000
271.8500 13.6223 -160.0000
271.8955 13.6000 -160.0000
271.9000 13.5978 -160.0000
271.9500 13.5730 -160.0000
271.9970 13.5500 -160.0000
272.0000 13.5485 -160.0000
272.0500 13.5237 -160.0000
272.0981 13.5000 -160.0000
272.1000 13.4990 -160.0000
272.1500 13.4737 -160.0000
272.1964 13.4500 -160.0000
272.2000 13.4481 -160.0000
272.2500 13.4214 -160.0000
272.2890 13.4000 -160.0000
272.3000 13.3938 -160.0000
272.3500 13.3647 -160.0000
272.3745 13.3500 -160.0000
272.4000 13.3342 -160.0000
272.4500 13.3022 -160.0000
272.4533 13.3000 -160.0000
272.5000 13.2683 -160.0000
272.5259 13.2500 -160.0000
272.5500 13.2328 -160.0000
272.5945 13.2000 -160.0000
272.6000 13.1959 -160.0000
272.6500 13.1576 -160.0000
272.6595 13.1500 -160.0000
272.7000 13.1181 -160.0000
272.7223 13.1000 -160.0000
272.7500 13.0778 -160.0000
272.7839 13.0500 -160.0000
272.8000 13.0370 -160.0000
272.8447 13.0000 -160.0000
272.8500 12.9957 -160.0000
272.9000 12.9540 -160.0000
272.9047 12.9500 -160.0000
272.9500 12.9119 -160.0000
272.9639 12.9000 -160.0000
273.0000 12.8693 -160.0000
273.0223 12.8500 -160.0000
273.0500 12.8262 -160.0000
273.0798 12.8000 -160.0000
273.1000 12.7824 -160.0000
273.1362 12.7500 -160.0000
273.1500 12.7378 -160.0000
273.1915 12.7000 -160.0000
273.2000 12.6923 -160.0000
273.2458 12.6500 -160.0000
273.2500 12.6462 -160.0000
273.2995 12.6000 -160.0000
273.3000 12.5995 -160.0000
273.3500 12.5525 -160.0000
273.3527 12.5500 -160.0000
273.4000 12.5057 -160.0000
273.4061 12.5000 -160.0000
273.4500 12.4592 -160.0000
273.4600 12.4500 -160.0000
273.5000 12.4134 -160.0000
273.5148 12.4000 -160.0000
273.5500 12.3682 -160.0000
273.5705 12.3500 -160.0000
273.6000 12.3238 -160.0000
273.6272 12.3000 -160.0000
273.6500 12.2800 -160.0000
273.6846 12.2500 -160.0000
273.7000 12.2366 -160.0000
273.7424 12.2000 -160.0000
273.7500 12.1934 -160.0000
273.8000 12.1501 -160.0000
273.8001 12.1500 -160.0000
273.8500 12.1060 -160.0000
273.8567 12.1000 -160.0000
273.9000 12.0612 -160.0000
273.9123 12.0500 -160.0000
273.9500 12.0154 -160.0000
273.9667 12.0000 -160.0000
274.0000 11.9687 -160.0000
274.0198 11.9500 -160.0000
274.0500 11.9211 -160.0000
274.0719 11.9000 -160.0000
274.1000 11.8727 -160.0000
274.1234 11.8500 -160.0000
274.1500 11.8240 -160.0000
274.1748 11.8000 -160.0000
274.2000 11.7755 -160.0000
274.2267 11.7500 -160.0000
274.2500 11.7277 -160.0000
274.2797 11.7000 -160.0000
274.3000 11.6809 -160.0000
274.3343 11.6500 -160.0000
274.3500 11.6357 -160.0000
274.3909 11.6000 -160.0000
274.4000 11.5919 -160.0000
274.4498 11.5500 -160.0000
274.4500 11.5498 -160.0000
274.5000 11.5084 -160.0000
274.5106 11.5000 -160.0000
274.5500 11.4680 -160.0000
274.5730 11.4500 -160.0000
274.6000 11.4283 -160.0000
274.6364 11.4000 -160.0000
274.6500 11.3891 -160.0000
274.7000 11.3500 -160.0000
274.7000 11.3500 -160.0000
274.7500 11.3101 -160.0000
274.7630 11.3000 -160.0000
274.8000 11.2701 -160.0000
274.8254 11.2500 -160.0000
274.8500 11.2300 -160.0000
274.8876 11.2000 -160.0000
274.9000 11.1899 -160.0000
274.9498 11.1500 -160.0000
274.9500 11.1499 -160.0000
275.0000 11.1095 -160.0000
275.0120 11.1000 -160.0000
275.0500 11.0696 -160.0000
275.0748 11.0500 -160.0000
275.1000 11.0301 -160.0000
275.1385 11.0000 -160.0000
275.1500 10.9910 -160.0000
275.2000 10.9524 -160.0000
275.2032 10.9500 -160.0000
275.2500 10.9141 -160.0000
275.2688 10.9000 -160.0000
275.3000 10.8764 -160.0000
275.3358 10.8500 -160.0000
275.3500 10.8394 -160.0000
275.4000 10.8029 -160.0000
275.4041 10.8000 -160.0000
275.4500 10.7666 -160.0000
275.4735 10.7500 -160.0000
275.5000 10.7307 -160.0000
275.5435 10.7000 -160.0000
275.5500 10.6952 -160.0000
275.6000 10.6594 -160.0000
275.6134 10.6500 -160.0000
275.6500 10.6232 -160.0000
275.6825 10.6000 -160.0000
275.7000 10.5870 -160.0000
275.7500 10.5504 -160.0000
275.7506 10.5500 -160.0000
275.8000 10.5132 -160.0000
275.8183 10.5000 -160.0000
275.8500 10.4763 -160.0000
275.8863 10.4500 -160.0000
275.9000 10.4399 -160.0000
275.9500 10.4046 -160.0000
275.9568 10.4000 -160.0000
276.0000 10.3709 -160.0000
276.0331 10.3500 -160.0000
276.0500 10.3394 -160.0000
276.1000 10.3104 -160.0000
276.1194 10.3000 -160.0000
276.1500 10.2840 -160.0000
276.2000 10.2600 -160.0000
276.2227 10.2500 -160.0000
276.2500 10.2382 -160.0000
276.3000 10.2184 -160.0000
276.3500 10.2001 -160.0000
276.3502 10.2000 -160.0000
276.4000 10.1828 -160.0000
276.4500 10.1664 -160.0000
276.5000 10.1503 -160.0000
276.5009 10.1500 -160.0000
276.5500 10.1341 -160.0000
276.6000 10.1176 -160.0000
276.6500 10.1006 -160.0000
276.6518 10.1000 -160.0000
276.7000 10.0825 -160.0000
276.7500 10.0633 -160.0000
276.7831 10.0500 -160.0000
276.8000 10.0429 -160.0000
276.8500 10.0207 -160.0000
276.8943 10.0000 -160.0000
276.9000 9.9972 -160.0000
276.9500 9.9715 -160.0000
276.9903 9.9500 -160.0000
277.0000 9.9446 -160.0000
277.0500 9.9155 -160.0000
277.0759 9.9000 -160.0000
277.1000 9.8848 -160.0000
