254.6165 20.8500 -40.0000
254.6320 20.8000 -40.0000
254.6468 20.7500 -40.0000
254.6500 20.7385 -40.0000
254.6610 20.7000 -40.0000
254.6747 20.6500 -40.0000
254.6878 20.6000 -40.0000
254.7000 20.5510 -40.0000
254.7003 20.5500 -40.0000
254.7124 20.5000 -40.0000
254.7242 20.4500 -40.0000
254.7359 20.4000 -40.0000
254.7476 20.3500 -40.0000
254.7500 20.3400 -40.0000
254.7599 20.3000 -40.0000
254.7729 20.2500 -40.0000
254.7870 20.2000 -40.0000
254.8000 20.1580 -40.0000
254.8025 20.1500 -40.0000
254.8200 20.1000 -40.0000
254.8396 20.0500 -40.0000
254.8500 20.0262 -40.0000
254.8617 20.0000 -40.0000
254.8865 19.9500 -40.0000
254.9000 19.9256 -40.0000
254.9144 19.9000 -40.0000
254.9453 19.8500 -40.0000
254.9500 19.8431 -40.0000
254.9796 19.8000 -40.0000
255.0000 19.7725 -40.0000
255.0169 19.7500 -40.0000
255.0500 19.7088 -40.0000
255.0571 19.7000 -40.0000
255.0999 19.6500 -40.0000
255.1000 19.6499 -40.0000
255.1451 19.6000 -40.0000
255.1500 19.5949 -40.0000
255.1923 19.5500 -40.0000
255.2000 19.5422 -40.0000
255.2413 19.5000 -40.0000
255.2500 19.4915 -40.0000
255.2922 19.4500 -40.0000
255.3000 19.4427 -40.0000
255.3451 19.4000 -40.0000
255.3500 19.3955 -40.0000
255.4000 19.3500 -40.0000
255.4000 19.3500 -40.0000
255.4500 19.3061 -40.0000
255.4569 19.3000 -40.0000
255.5000 19.2636 -40.0000
255.5160 19.2500 -40.0000
255.5500 19.2222 -40.0000
255.5773 19.2000 -40.0000
255.6000 19.1820 -40.0000
255.6407 19.1500 -40.0000
255.6500 19.1429 -40.0000
255.7000 19.1049 -40.0000
255.7065 19.1000 -40.0000
255.7500 19.0680 -40.0000
255.7748 19.0500 -40.0000
255.8000 19.0323 -40.0000
255.8466 19.0000 -40.0000
255.8500 18.9977 -40.0000
255.9000 18.9642 -40.0000
255.9217 18.9500 -40.0000
255.9500 18.9318 -40.0000
256.0000 18.9005 -40.0000
256.0008 18.9000 -40.0000
256.0500 18.8697 -40.0000
256.0830 18.8500 -40.0000
256.1000 18.8399 -40.0000
256.1500 18.8107 -40.0000
256.1686 18.8000 -40.0000
256.2000 18.7820 -40.0000
256.2500 18.7542 -40.0000
256.2576 18.7500 -40.0000
256.3000 18.7266 -40.0000
256.3500 18.7002 -40.0000
256.3504 18.7000 -40.0000
256.4000 18.6739 -40.0000
256.4480 18.6500 -40.0000
256.4500 18.6490 -40.0000
256.5000 18.6242 -40.0000
256.5500 18.6008 -40.0000
256.5517 18.6000 -40.0000
256.6000 18.5774 -40.0000
256.6500 18.5551 -40.0000
256.6619 18.5500 -40.0000
256.7000 18.5330 -40.0000
256.7500 18.5116 -40.0000
256.7782 18.5000 -40.0000
256.8000 18.4906 -40.0000
256.8500 18.4699 -40.0000
256.8999 18.4500 -40.0000
256.9000 18.4500 -40.0000
256.9500 18.4299 -40.0000
257.0000 18.4106 -40.0000
257.0288 18.4000 -40.0000
257.0500 18.3918 -40.0000
257.1000 18.3735 -40.0000
257.1500 18.3560 -40.0000
257.1679 18.3500 -40.0000
257.2000 18.3389 -40.0000
257.2500 18.3224 -40.0000
257.3000 18.3067 -40.0000
257.3222 18.3000 -40.0000
257.3500 18.2913 -40.0000
257.4000 18.2763 -40.0000
257.4500 18.2617 -40.0000
257.4914 18.2500 -40.0000
257.5000 18.2475 -40.0000
257.5500 18.2331 -40.0000
257.6000 18.2190 -40.0000
257.6500 18.2051 -40.0000
257.6685 18.2000 -40.0000
257.7000 18.1910 -40.0000
257.7500 18.1770 -40.0000
257.8000 18.1632 -40.0000
257.8488 18.1500 -40.0000
257.8500 18.1497 -40.0000
257.9000 18.1361 -40.0000
257.9500 18.1230 -40.0000
258.0000 18.1104 -40.0000
258.0437 18.1000 -40.0000
258.0500 18.0984 -40.0000
258.1000 18.0870 -40.0000
258.1500 18.0764 -40.0000
258.2000 18.0668 -40.0000
258.2500 18.0582 -40.0000
258.3000 18.0508 -40.0000
258.3070 18.0500 -40.0000
258.3500 18.0447 -40.0000
258.4000 18.0401 -40.0000
258.4500 18.0371 -40.0000
258.5000 18.0358 -40.0000
258.5500 18.0364 -40.0000
258.6000 18.0390 -40.0000
258.6500 18.0436 -40.0000
258.6986 18.0500 -40.0000
258.7000 18.0502 -40.0000
258.7500 18.0588 -40.0000
258.8000 18.0693 -40.0000
258.8500 18.0817 -40.0000
258.9000 18.0955 -40.0000
258.9159 18.1000 -40.0000
258.9500 18.1105 -40.0000
259.0000 18.1264 -40.0000
259.0500 18.1424 -40.0000
259.0756 18.1500 -40.0000
259.1000 18.1581 -40.0000
259.1500 18.1729 -40.0000
259.2000 18.1856 -40.0000
259.2500 18.1955 -40.0000
259.2862 18.2000 -40.0000
259.3000 18.2020 -40.0000
259.3500 18.2047 -40.0000
259.4000 18.2026 -40.0000
259.4190 18.2000 -40.0000
259.4500 18.1958 -40.0000
259.5000 18.1848 -40.0000
259.5500 18.1693 -40.0000
259.5986 18.1500 -40.0000
259.6000 18.1495 -40.0000
259.6500 18.1289 -40.0000
259.7000 18.1050 -40.0000
259.7098 18.1000 -40.0000
259.7500 18.0813 -40.0000
259.8000 18.0559 -40.0000
259.8113 18.0500 -40.0000
259.8500 18.0315 -40.0000
259.9000 18.0061 -40.0000
259.9117 18.0000 -40.0000
259.9500 17.9820 -40.0000
260.0000 17.9572 -40.0000
260.0144 17.9500 -40.0000
260.0500 17.9339 -40.0000
260.1000 17.9106 -40.0000
260.1224 17.9000 -40.0000
260.1500 17.8883 -40.0000
260.2000 17.8668 -40.0000
260.2385 17.8500 -40.0000
260.2500 17.8455 -40.0000
260.3000 17.8262 -40.0000
260.3500 17.8063 -40.0000
260.3659 17.8000 -40.0000
260.4000 17.7880 -40.0000
260.4500 17.7700 -40.0000
260.5000 17.7511 -40.0000
260.5028 17.7500 -40.0000
260.5500 17.7340 -40.0000
260.6000 17.7157 -40.0000
260.6396 17.7000 -40.0000
260.6500 17.6963 -40.0000
260.7000 17.6773 -40.0000
260.7500 17.6556 -40.0000
260.7617 17.6500 -40.0000
260.8000 17.6334 -40.0000
260.8500 17.6083 -40.0000
260.8648 17.6000 -40.0000
260.9000 17.5817 -40.0000
260.9500 17.5517 -40.0000
260.9526 17.5500 -40.0000
261.0000 17.5209 -40.0000
261.0303 17.5000 -40.0000
261.0500 17.4873 -40.0000
261.1000 17.4521 -40.0000
261.1027 17.4500 -40.0000
261.1500 17.4172 -40.0000
261.1734 17.4000 -40.0000
261.2000 17.3818 -40.0000
261.2448 17.3500 -40.0000
261.2500 17.3465 -40.0000
261.3000 17.3130 -40.0000
261.3189 17.3000 -40.0000
261.3500 17.2801 -40.0000
261.3958 17.2500 -40.0000
261.4000 17.2474 -40.0000
261.4500 17.2157 -40.0000
261.4733 17.2000 -40.0000
261.5000 17.1832 -40.0000
261.5487 17.1500 -40.0000
261.5500 17.1492 -40.0000
261.6000 17.1146 -40.0000
261.6191 17.1000 -40.0000
261.6500 17.0780 -40.0000
261.6857 17.0500 -40.0000
261.7000 17.0396 -40.0000
261.7500 17.0002 -40.0000
261.7502 17.0000 -40.0000
261.8000 16.9615 -40.0000
261.8143 16.9500 -40.0000
261.8500 16.9234 -40.0000
261.8810 16.9000 -40.0000
261.9000 16.8867 -40.0000
261.9500 16.8520 -40.0000
261.9529 16.8500 -40.0000
262.0000 16.8203 -40.0000
262.0333 16.8000 -40.0000
262.0500 16.7905 -40.0000
262.1000 16.7632 -40.0000
262.1251 16.7500 -40.0000
262.1500 16.7376 -40.0000
262.2000 16.7136 -40.0000
262.2289 16.7000 -40.0000
262.2500 16.6906 -40.0000
262.3000 16.6684 -40.0000
262.3414 16.6500 -40.0000
262.3500 16.6463 -40.0000
262.4000 16.6248 -40.0000
262.4500 16.6030 -40.0000
262.4568 16.6000 -40.0000
262.5000 16.5815 -40.0000
262.5500 16.5599 -40.0000
262.5728 16.5500 -40.0000
262.6000 16.5386 -40.0000
262.6500 16.5176 -40.0000
262.6920 16.5000 -40.0000
262.7000 16.4968 -40.0000
262.7500 16.4767 -40.0000
262.8000 16.4569 -40.0000
262.8175 16.4500 -40.0000
262.8500 16.4377 -40.0000
262.9000 16.4189 -40.0000
262.9500 16.4005 -40.0000
262.9513 16.4000 -40.0000
263.0000 16.3829 -40.0000
263.0500 16.3658 -40.0000
263.0976 16.3500 -40.0000
263.1000 16.3492 -40.0000
263.1500 16.3338 -40.0000
263.2000 16.3194 -40.0000
263.2500 16.3059 -40.0000
263.2737 16.3000 -40.0000
263.3000 16.2937 -40.0000
263.3500 16.2828 -40.0000
263.4000 16.2731 -40.0000
263.4500 16.2645 -40.0000
263.5000 16.2569 -40.0000
263.5500 16.2502 -40.0000
263.5515 16.2500 -40.0000
263.6000 16.2444 -40.0000
263.6500 16.2391 -40.0000
263.7000 16.2342 -40.0000
263.7500 16.2296 -40.0000
263.8000 16.2250 -40.0000
263.8500 16.2204 -40.0000
263.9000 16.2154 -40.0000
263.9500 16.2101 -40.0000
264.0000 16.2043 -40.0000
264.0334 16.2000 -40.0000
264.0500 16.1979 -40.0000
264.1000 16.1909 -40.0000
264.1500 16.1830 -40.0000
264.2000 16.1743 -40.0000
264.2500 16.1647 -40.0000
264.3000 16.1541 -40.0000
264.3179 16.1500 -40.0000
264.3500 16.1427 -40.0000
264.4000 16.1304 -40.0000
264.4500 16.1173 -40.0000
264.5000 16.1032 -40.0000
264.5107 16.1000 -40.0000
264.5500 16.0885 -40.0000
264.6000 16.0730 -40.0000
264.6500 16.0567 -40.0000
264.6698 16.0500 -40.0000
264.7000 16.0398 -40.0000
264.7500 16.0221 -40.0000
264.8000 16.0035 -40.0000
264.8090 16.0000 -40.0000
264.8500 15.9841 -40.0000
264.9000 15.9637 -40.0000
264.9318 15.9500 -40.0000
264.9500 15.9421 -40.0000
265.0000 15.9195 -40.0000
265.0406 15.9000 -40.0000
265.0500 15.8955 -40.0000
265.1000 15.8703 -40.0000
265.1381 15.8500 -40.0000
265.1500 15.8437 -40.0000
265.2000 15.8158 -40.0000
265.2271 15.8000 -40.0000
265.2500 15.7866 -40.0000
265.3000 15.7561 -40.0000
265.3097 15.7500 -40.0000
265.3500 15.7246 -40.0000
265.3879 15.7000 -40.0000
265.4000 15.6922 -40.0000
265.4500 15.6592 -40.0000
265.4638 15.6500 -40.0000
265.5000 15.6260 -40.0000
265.5394 15.6000 -40.0000
265.5500 15.5931 -40.0000
265.6000 15.5608 -40.0000
265.6172 15.5500 -40.0000
265.6500 15.5295 -40.0000
265.6990 15.5000 -40.0000
265.7000 15.4994 -40.0000
265.7500 15.4706 -40.0000
265.7874 15.4500 -40.0000
265.8000 15.4430 -40.0000
265.8500 15.4166 -40.0000
265.8829 15.4000 -40.0000
265.9000 15.3912 -40.0000
265.9500 15.3665 -40.0000
265.9842 15.3500 -40.0000
266.0000 15.3422 -40.0000
266.0500 15.3181 -40.0000
266.0877 15.3000 -40.0000
266.1000 15.2939 -40.0000
266.1500 15.2696 -40.0000
266.1901 15.2500 -40.0000
266.2000 15.2450 -40.0000
266.2500 15.2202 -40.0000
266.2906 15.2000 -40.0000
266.3000 15.1953 -40.0000
266.3500 15.1703 -40.0000
266.3910 15.1500 -40.0000
266.4000 15.1455 -40.0000
266.4500 15.1210 -40.0000
266.4932 15.1000 -40.0000
266.5000 15.0967 -40.0000
266.5500 15.0728 -40.0000
266.5974 15.0500 -40.0000
266.6000 15.0488 -40.0000
266.6500 15.0248 -40.0000
266.7000 15.0003 -40.0000
266.7007 15.0000 -40.0000
266.7500 14.9754 -40.0000
266.7989 14.9500 -40.0000
266.8000 14.9494 -40.0000
266.8500 14.9225 -40.0000
266.8899 14.9000 -40.0000
266.9000 14.8943 -40.0000
266.9500 14.8650 -40.0000
266.9744 14.8500 -40.0000
267.0000 14.8344 -40.0000
267.0500 14.8028 -40.0000
267.0542 14.8000 -40.0000
267.1000 14.7702 -40.0000
267.1302 14.7500 -40.0000
267.1500 14.7369 -40.0000
267.2000 14.7031 -40.0000
267.2046 14.7000 -40.0000
267.2500 14.6691 -40.0000
267.2779 14.6500 -40.0000
267.3000 14.6350 -40.0000
267.3500 14.6011 -40.0000
267.3516 14.6000 -40.0000
267.4000 14.5675 -40.0000
267.4262 14.5500 -40.0000
267.4500 14.5343 -40.0000
267.5000 14.5017 -40.0000
267.5026 14.5000 -40.0000
267.5500 14.4697 -40.0000
267.5814 14.4500 -40.0000
267.6000 14.4385 -40.0000
267.6500 14.4081 -40.0000
267.6635 14.4000 -40.0000
267.7000 14.3784 -40.0000
267.7492 14.3500 -40.0000
267.7500 14.3495 -40.0000
267.8000 14.3214 -40.0000
267.8388 14.3000 -40.0000
267.8500 14.2939 -40.0000
267.9000 14.2670 -40.0000
267.9320 14.2500 -40.0000
267.9500 14.2405 -40.0000
268.0000 14.2144 -40.0000
268.0279 14.2000 -40.0000
268.0500 14.1887 -40.0000
268.1000 14.1632 -40.0000
268.1261 14.1500 -40.0000
268.1500 14.1379 -40.0000
268.2000 14.1128 -40.0000
268.2256 14.1000 -40.0000
268.2500 14.0879 -40.0000
268.3000 14.0630 -40.0000
268.3261 14.0500 -40.0000
268.3500 14.0382 -40.0000
268.4000 14.0135 -40.0000
268.4275 14.0000 -40.0000
268.4500 13.9890 -40.0000
268.5000 13.9647 -40.0000
268.5306 13.9500 -40.0000
268.5500 13.9407 -40.0000
268.6000 13.9171 -40.0000
268.6369 13.9000 -40.0000
268.6500 13.8939 -40.0000
268.7000 13.8712 -40.0000
268.7474 13.8500 -40.0000
268.7500 13.8488 -40.0000
268.8000 13.8268 -40.0000
268.8500 13.8051 -40.0000
268.8620 13.8000 -40.0000
268.9000 13.7836 -40.0000
268.9500 13.7623 -40.0000
268.9792 13.7500 -40.0000
269.0000 13.7411 -40.0000
269.0500 13.7199 -40.0000
269.0973 13.7000 -40.0000
269.1000 13.6989 -40.0000
269.1500 13.6777 -40.0000
269.2000 13.6567 -40.0000
269.2161 13.6500 -40.0000
269.2500 13.6358 -40.0000
269.3000 13.6149 -40.0000
269.3363 13.6000 -40.0000
269.3500 13.5943 -40.0000
269.4000 13.5738 -40.0000
269.4500 13.5536 -40.0000
269.4591 13.5500 -40.0000
269.5000 13.5336 -40.0000
269.5500 13.5140 -40.0000
269.5863 13.5000 -40.0000
269.6000 13.4947 -40.0000
269.6500 13.4755 -40.0000
269.7000 13.4567 -40.0000
269.7177 13.4500 -40.0000
269.7500 13.4378 -40.0000
269.8000 13.4189 -40.0000
269.8498 13.4000 -40.0000
269.8500 13.3999 -40.0000
269.9000 13.3805 -40.0000
269.9500 13.3607 -40.0000
269.9766 13.3500 -40.0000
270.0000 13.3405 -40.0000
270.0500 13.3198 -40.0000
270.0971 13.3000 -40.0000
270.1000 13.2988 -40.0000
270.1500 13.2773 -40.0000
270.2000 13.2558 -40.0000
270.2134 13.2500 -40.0000
270.2500 13.2342 -40.0000
270.3000 13.2128 -40.0000
270.3305 13.2000 -40.0000
270.3500 13.1918 -40.0000
270.4000 13.1709 -40.0000
270.4500 13.1507 -40.0000
270.4516 13.1500 -40.0000
270.5000 13.1305 -40.0000
270.5500 13.1107 -40.0000
270.5774 13.1000 -40.0000
270.6000 13.0911 -40.0000
270.6500 13.0713 -40.0000
270.7000 13.0516 -40.0000
270.7040 13.0500 -40.0000
270.7500 13.0313 -40.0000
270.8000 13.0108 -40.0000
270.8259 13.0000 -40.0000
270.8500 12.9898 -40.0000
270.9000 12.9683 -40.0000
270.9419 12.9500 -40.0000
270.9500 12.9465 -40.0000
271.0000 12.9241 -40.0000
271.0500 12.9018 -40.0000
271.0540 12.9000 -40.0000
271.1000 12.8791 -40.0000
271.1500 12.8566 -40.0000
271.1645 12.8500 -40.0000
271.2000 12.8339 -40.0000
271.2500 12.8112 -40.0000
271.2747 12.8000 -40.0000
271.3000 12.7885 -40.0000
271.3500 12.7657 -40.0000
271.3844 12.7500 -40.0000
271.4000 12.7428 -40.0000
271.4500 12.7198 -40.0000
271.4929 12.7000 -40.0000
271.5000 12.6967 -40.0000
271.5500 12.6734 -40.0000
271.6000 12.6500 -40.0000
271.6000 12.6500 -40.0000
271.6500 12.6263 -40.0000
271.7000 12.6025 -40.0000
271.7051 12.6000 -40.0000
271.7500 12.5783 -40.0000
271.8000 12.5539 -40.0000
271.8080 12.5500 -40.0000
271.8500 12.5291 -40.0000
271.9000 12.5041 -40.0000
271.9080 12.5000 -40.0000
271.9500 12.4785 -40.0000
272.0000 12.4526 -40.0000
272.0049 12.4500 -40.0000
272.0500 12.4261 -40.0000
272.0987 12.4000 -40.0000
272.1000 12.3993 -40.0000
272.1500 12.3718 -40.0000
272.1891 12.3500 -40.0000
272.2000 12.3439 -40.0000
272.2500 12.3154 -40.0000
272.2767 12.3000 -40.0000
272.3000 12.2865 -40.0000
272.3500 12.2571 -40.0000
272.3618 12.2500 -40.0000
272.4000 12.2270 -40.0000
272.4446 12.2000 -40.0000
272.4500 12.1967 -40.0000
272.5000 12.1656 -40.0000
272.5249 12.1500 -40.0000
272.5500 12.1341 -40.0000
272.6000 12.1023 -40.0000
272.6035 12.1000 -40.0000
272.6500 12.0694 -40.0000
272.6793 12.0500 -40.0000
272.7000 12.0360 -40.0000
272.7500 12.0019 -40.0000
272.7527 12.0000 -40.0000
272.8000 11.9663 -40.0000
272.8225 11.9500 -40.0000
272.8500 11.9296 -40.0000
272.8893 11.9000 -40.0000
272.9000 11.8917 -40.0000
272.9500 11.8523 -40.0000
272.9529 11.8500 -40.0000
273.0000 11.8111 -40.0000
273.0133 11.8000 -40.0000
273.0500 11.7686 -40.0000
273.0715 11.7500 -40.0000
273.1000 11.7249 -40.0000
273.1279 11.7000 -40.0000
273.1500 11.6800 -40.0000
273.1831 11.6500 -40.0000
273.2000 11.6345 -40.0000
273.2374 11.6000 -40.0000
273.2500 11.5884 -40.0000
273.2914 11.5500 -40.0000
273.3000 11.5420 -40.0000
273.3452 11.5000 -40.0000
273.3500 11.4956 -40.0000
273.3990 11.4500 -40.0000
273.4000 11.4491 -40.0000
273.4500 11.4025 -40.0000
273.4527 11.4000 -40.0000
273.5000 11.3559 -40.0000
273.5062 11.3500 -40.0000
273.5500 11.3090 -40.0000
273.5594 11.3000 -40.0000
273.6000 11.2617 -40.0000
273.6122 11.2500 -40.0000
273.6500 11.2140 -40.0000
273.6645 11.2000 -40.0000
273.7000 11.1658 -40.0000
273.7162 11.1500 -40.0000
273.7500 11.1170 -40.0000
273.7672 11.1000 -40.0000
273.8000 11.0676 -40.0000
273.8176 11.0500 -40.0000
273.8500 11.0175 -40.0000
273.8673 11.0000 -40.0000
273.9000 10.9667 -40.0000
273.9164 10.9500 -40.0000
273.9500 10.9152 -40.0000
273.9648 10.9000 -40.0000
274.0000 10.8631 -40.0000
274.0126 10.8500 -40.0000
274.0500 10.8105 -40.0000
274.0600 10.8000 -40.0000
274.1000 10.7577 -40.0000
274.1074 10.7500 -40.0000
274.1500 10.7051 -40.0000
274.1549 10.7000 -40.0000
274.2000 10.6532 -40.0000
274.2031 10.6500 -40.0000
274.2500 10.6023 -40.0000
274.2524 10.6000 -40.0000
274.3000 10.5529 -40.0000
274.3031 10.5500 -40.0000
274.3500 10.5050 -40.0000
274.3555 10.5000 -40.0000
274.4000 10.4588 -40.0000
274.4099 10.4500 -40.0000
274.4500 10.4142 -40.0000
274.4666 10.4000 -40.0000
274.5000 10.3712 -40.0000
274.5258 10.3500 -40.0000
274.5500 10.3299 -40.0000
274.5878 10.3000 -40.0000
274.6000 10.2903 -40.0000
274.6500 10.2523 -40.0000
274.6532 10.2500 -40.0000
274.7000 10.2155 -40.0000
274.7221 10.2000 -40.0000
274.7500 10.1803 -40.0000
274.7948 10.1500 -40.0000
274.8000 10.1465 -40.0000
274.8500 10.1134 -40.0000
274.8707 10.1000 -40.0000
274.9000 10.0811 -40.0000
274.9490 10.0500 -40.0000
274.9500 10.0494 -40.0000
275.0000 10.0173 -40.0000
275.0268 10.0000 -40.0000
275.0500 9.9851 -40.0000
275.1000 9.9525 -40.0000
275.1036 9.9500 -40.0000
275.1500 9.9187 -40.0000
275.1769 9.9000 -40.0000
275.2000 9.8841 -40.0000
275.2481 9.8500 -40.0000
275.2500 9.8486 -40.0000
275.3000 9.8120 -40.0000
275.3160 9.8000 -40.0000
275.3500 9.7746 -40.0000
275.3825 9.7500 -40.0000
275.4000 9.7369 -40.0000
275.4488 9.7000 -40.0000
275.4500 9.6991 -40.0000
275.5000 9.6611 -40.0000
275.5148 9.6500 -40.0000
275.5500 9.6237 -40.0000
275.5824 9.6000 -40.0000
275.6000 9.5871 -40.0000
275.6500 9.5515 -40.0000
275.6521 9.5500 -40.0000
275.7000 9.5164 -40.0000
275.7243 9.5000 -40.0000
275.7500 9.4825 -40.0000
275.7996 9.4500 -40.0000
275.8000 9.4498 -40.0000
275.8500 9.4174 -40.0000
275.8778 9.4000 -40.0000
275.9000 9.3859 -40.0000
275.9500 9.3549 -40.0000
275.9580 9.3500 -40.0000
276.0000 9.3238 -40.0000
276.0385 9.3000 -40.0000
276.0500 9.2928 -40.0000
276.1000 9.2610 -40.0000
276.1171 9.2500 -40.0000
276.1500 9.2283 -40.0000
276.1920 9.2000 -40.0000
276.2000 9.1945 -40.0000
276.2500 9.1590 -40.0000
276.2621 9.1500 -40.0000
276.3000 9.1217 -40.0000
276.3278 9.1000 -40.0000
276.3500 9.0826 -40.0000
276.3899 9.0500 -40.0000
276.4000 9.0418 -40.0000
276.4493 9.0000 -40.0000
276.4500 8.9994 -40.0000
276.5000 8.9558 -40.0000
276.5065 8.9500 -40.0000
276.5500 8.9115 -40.0000
276.5629 8.9000 -40.0000
276.6000 8.8672 -40.0000
276.6194 8.8500 -40.0000
276.6500 8.8235 -40.0000
276.6773 8.8000 -40.0000
276.7000 8.7809 -40.0000
276.7376 8.7500 -40.0000
276.7500 8.7400 -40.0000
276.8000 8.7009 -40.0000
276.8012 8.7000 -40.0000
276.8500 8.6635 -40.0000
276.8687 8.6500 -40.0000
276.9000 8.6278 -40.0000
276.9405 8.6000 -40.0000
276.9500 8.5935 -40.0000
277.0000 8.5600 -40.0000
277.0151 8.5500 -40.0000
277.0500 8.5268 -40.0000
277.0906 8.5000 -40.0000
277.1000 8.4937 -40.0000
