254.9464 20.9500 -60.0000
254.9500 20.9432 -60.0000
254.9735 20.9000 -60.0000
255.0000 20.8521 -60.0000
255.0012 20.8500 -60.0000
255.0291 20.8000 -60.0000
255.0500 20.7627 -60.0000
255.0573 20.7500 -60.0000
255.0856 20.7000 -60.0000
255.1000 20.6742 -60.0000
255.1139 20.6500 -60.0000
255.1420 20.6000 -60.0000
255.1500 20.5853 -60.0000
255.1696 20.5500 -60.0000
255.1968 20.5000 -60.0000
255.2000 20.4938 -60.0000
255.2229 20.4500 -60.0000
255.2484 20.4000 -60.0000
255.2500 20.3967 -60.0000
255.2724 20.3500 -60.0000
255.2956 20.3000 -60.0000
255.3000 20.2899 -60.0000
255.3172 20.2500 -60.0000
255.3379 20.2000 -60.0000
255.3500 20.1699 -60.0000
255.3577 20.1500 -60.0000
255.3766 20.1000 -60.0000
255.3957 20.0500 -60.0000
255.4000 20.0388 -60.0000
255.4144 20.0000 -60.0000
255.4339 19.9500 -60.0000
255.4500 19.9116 -60.0000
255.4546 19.9000 -60.0000
255.4764 19.8500 -60.0000
255.5000 19.8014 -60.0000
255.5007 19.8000 -60.0000
255.5265 19.7500 -60.0000
255.5500 19.7095 -60.0000
255.5552 19.7000 -60.0000
255.5864 19.6500 -60.0000
255.6000 19.6305 -60.0000
255.6204 19.6000 -60.0000
255.6500 19.5604 -60.0000
255.6574 19.5500 -60.0000
255.6974 19.5000 -60.0000
255.7000 19.4970 -60.0000
255.7399 19.4500 -60.0000
255.7500 19.4391 -60.0000
255.7852 19.4000 -60.0000
255.8000 19.3848 -60.0000
255.8332 19.3500 -60.0000
255.8500 19.3337 -60.0000
255.8840 19.3000 -60.0000
255.9000 19.2853 -60.0000
255.9378 19.2500 -60.0000
255.9500 19.2393 -60.0000
255.9947 19.2000 -60.0000
256.0000 19.1956 -60.0000
256.0500 19.1542 -60.0000
256.0551 19.1500 -60.0000
256.1000 19.1149 -60.0000
256.1193 19.1000 -60.0000
256.1500 19.0774 -60.0000
256.1879 19.0500 -60.0000
256.2000 19.0417 -60.0000
256.2500 19.0076 -60.0000
256.2615 19.0000 -60.0000
256.3000 18.9753 -60.0000
256.3408 18.9500 -60.0000
256.3500 18.9445 -60.0000
256.4000 18.9153 -60.0000
256.4274 18.9000 -60.0000
256.4500 18.8876 -60.0000
256.5000 18.8615 -60.0000
256.5232 18.8500 -60.0000
256.5500 18.8368 -60.0000
256.6000 18.8135 -60.0000
256.6306 18.8000 -60.0000
256.6500 18.7914 -60.0000
256.7000 18.7705 -60.0000
256.7500 18.7507 -60.0000
256.7518 18.7500 -60.0000
256.8000 18.7315 -60.0000
256.8500 18.7133 -60.0000
256.8880 18.7000 -60.0000
256.9000 18.6957 -60.0000
256.9500 18.6786 -60.0000
257.0000 18.6622 -60.0000
257.0384 18.6500 -60.0000
257.0500 18.6462 -60.0000
257.1000 18.6308 -60.0000
257.1500 18.6160 -60.0000
257.2000 18.6017 -60.0000
257.2065 18.6000 -60.0000
257.2500 18.5881 -60.0000
257.3000 18.5750 -60.0000
257.3500 18.5625 -60.0000
257.4000 18.5506 -60.0000
257.4026 18.5500 -60.0000
257.4500 18.5391 -60.0000
257.5000 18.5281 -60.0000
257.5500 18.5175 -60.0000
257.6000 18.5073 -60.0000
257.6369 18.5000 -60.0000
257.6500 18.4974 -60.0000
257.7000 18.4877 -60.0000
257.7500 18.4784 -60.0000
257.8000 18.4695 -60.0000
257.8500 18.4610 -60.0000
257.9000 18.4529 -60.0000
257.9201 18.4500 -60.0000
257.9500 18.4455 -60.0000
258.0000 18.4389 -60.0000
258.0500 18.4331 -60.0000
258.1000 18.4283 -60.0000
258.1500 18.4249 -60.0000
258.2000 18.4228 -60.0000
258.2500 18.4225 -60.0000
258.3000 18.4242 -60.0000
258.3500 18.4282 -60.0000
258.4000 18.4349 -60.0000
258.4500 18.4446 -60.0000
258.4708 18.4500 -60.0000
258.5000 18.4579 -60.0000
258.5500 18.4751 -60.0000
258.6000 18.4966 -60.0000
258.6066 18.5000 -60.0000
258.6500 18.5227 -60.0000
258.6943 18.5500 -60.0000
258.7000 18.5535 -60.0000
258.7500 18.5886 -60.0000
258.7646 18.6000 -60.0000
258.8000 18.6275 -60.0000
258.8265 18.6500 -60.0000
258.8500 18.6695 -60.0000
258.8841 18.7000 -60.0000
258.9000 18.7139 -60.0000
258.9388 18.7500 -60.0000
258.9500 18.7602 -60.0000
258.9915 18.8000 -60.0000
259.0000 18.8080 -60.0000
259.0422 18.8500 -60.0000
259.0500 18.8577 -60.0000
259.0911 18.9000 -60.0000
259.1000 18.9093 -60.0000
259.1382 18.9500 -60.0000
259.1500 18.9627 -60.0000
259.1842 19.0000 -60.0000
259.2000 19.0174 -60.0000
259.2303 19.0500 -60.0000
259.2500 19.0712 -60.0000
259.2784 19.1000 -60.0000
259.3000 19.1211 -60.0000
259.3329 19.1500 -60.0000
259.3500 19.1640 -60.0000
259.4000 19.1982 -60.0000
259.4034 19.2000 -60.0000
259.4500 19.2218 -60.0000
259.5000 19.2377 -60.0000
259.5500 19.2465 -60.0000
259.6000 19.2492 -60.0000
259.6500 19.2470 -60.0000
259.7000 19.2412 -60.0000
259.7500 19.2328 -60.0000
259.8000 19.2228 -60.0000
259.8500 19.2115 -60.0000
259.8974 19.2000 -60.0000
259.9000 19.1993 -60.0000
259.9500 19.1845 -60.0000
260.0000 19.1689 -60.0000
260.0500 19.1523 -60.0000
260.0563 19.1500 -60.0000
260.1000 19.1326 -60.0000
260.1500 19.1116 -60.0000
260.1763 19.1000 -60.0000
260.2000 19.0885 -60.0000
260.2500 19.0635 -60.0000
260.2769 19.0500 -60.0000
260.3000 19.0373 -60.0000
260.3500 19.0104 -60.0000
260.3700 19.0000 -60.0000
260.4000 18.9832 -60.0000
260.4500 18.9573 -60.0000
260.4653 18.9500 -60.0000
260.5000 18.9323 -60.0000
260.5500 18.9099 -60.0000
260.5751 18.9000 -60.0000
260.6000 18.8896 -60.0000
260.6500 18.8713 -60.0000
260.7000 18.8560 -60.0000
260.7220 18.8500 -60.0000
260.7500 18.8418 -60.0000
260.8000 18.8285 -60.0000
260.8500 18.8162 -60.0000
260.9000 18.8043 -60.0000
260.9175 18.8000 -60.0000
260.9500 18.7912 -60.0000
261.0000 18.7769 -60.0000
261.0500 18.7619 -60.0000
261.0874 18.7500 -60.0000
261.1000 18.7456 -60.0000
261.1500 18.7272 -60.0000
261.2000 18.7086 -60.0000
261.2229 18.7000 -60.0000
261.2500 18.6889 -60.0000
261.3000 18.6687 -60.0000
261.3489 18.6500 -60.0000
261.3500 18.6495 -60.0000
261.4000 18.6289 -60.0000
261.4500 18.6097 -60.0000
261.4763 18.6000 -60.0000
261.5000 18.5905 -60.0000
261.5500 18.5711 -60.0000
261.6000 18.5527 -60.0000
261.6073 18.5500 -60.0000
261.6500 18.5327 -60.0000
261.7000 18.5130 -60.0000
261.7335 18.5000 -60.0000
261.7500 18.4929 -60.0000
261.8000 18.4711 -60.0000
261.8496 18.4500 -60.0000
261.8500 18.4498 -60.0000
261.9000 18.4254 -60.0000
261.9500 18.4017 -60.0000
261.9537 18.4000 -60.0000
262.0000 18.3749 -60.0000
262.0477 18.3500 -60.0000
262.0500 18.3486 -60.0000
262.1000 18.3188 -60.0000
262.1331 18.3000 -60.0000
262.1500 18.2889 -60.0000
262.2000 18.2573 -60.0000
262.2121 18.2500 -60.0000
262.2500 18.2234 -60.0000
262.2856 18.2000 -60.0000
262.3000 18.1890 -60.0000
262.3500 18.1531 -60.0000
262.3546 18.1500 -60.0000
262.4000 18.1140 -60.0000
262.4188 18.1000 -60.0000
262.4500 18.0728 -60.0000
262.4777 18.0500 -60.0000
262.5000 18.0285 -60.0000
262.5306 18.0000 -60.0000
262.5500 17.9789 -60.0000
262.5771 17.9500 -60.0000
262.6000 17.9217 -60.0000
262.6176 17.9000 -60.0000
262.6500 17.8546 -60.0000
262.6532 17.8500 -60.0000
262.6837 17.8000 -60.0000
262.7000 17.7707 -60.0000
262.7112 17.7500 -60.0000
262.7357 17.7000 -60.0000
262.7500 17.6692 -60.0000
262.7584 17.6500 -60.0000
262.7790 17.6000 -60.0000
262.7995 17.5500 -60.0000
262.8000 17.5486 -60.0000
262.8177 17.5000 -60.0000
262.8365 17.4500 -60.0000
262.8500 17.4159 -60.0000
262.8558 17.4000 -60.0000
262.8750 17.3500 -60.0000
262.8966 17.3000 -60.0000
262.9000 17.2930 -60.0000
262.9190 17.2500 -60.0000
262.9450 17.2000 -60.0000
262.9500 17.1915 -60.0000
262.9732 17.1500 -60.0000
263.0000 17.1096 -60.0000
263.0061 17.1000 -60.0000
263.0434 17.0500 -60.0000
263.0500 17.0423 -60.0000
263.0862 17.0000 -60.0000
263.1000 16.9861 -60.0000
263.1364 16.9500 -60.0000
263.1500 16.9381 -60.0000
263.1959 16.9000 -60.0000
263.2000 16.8969 -60.0000
263.2500 16.8617 -60.0000
263.2683 16.8500 -60.0000
263.3000 16.8313 -60.0000
263.3500 16.8051 -60.0000
263.3610 16.8000 -60.0000
263.4000 16.7829 -60.0000
263.4500 16.7641 -60.0000
263.4949 16.7500 -60.0000
263.5000 16.7484 -60.0000
263.5500 16.7356 -60.0000
263.6000 16.7250 -60.0000
263.6500 16.7165 -60.0000
263.7000 16.7095 -60.0000
263.7500 16.7039 -60.0000
263.7906 16.7000 -60.0000
263.8000 16.6991 -60.0000
263.8500 16.6949 -60.0000
263.9000 16.6910 -60.0000
263.9500 16.6871 -60.0000
264.0000 16.6830 -60.0000
264.0500 16.6786 -60.0000
264.1000 16.6738 -60.0000
264.1500 16.6686 -60.0000
264.2000 16.6629 -60.0000
264.2500 16.6568 -60.0000
264.3000 16.6501 -60.0000
264.3005 16.6500 -60.0000
264.3500 16.6428 -60.0000
264.4000 16.6349 -60.0000
264.4500 16.6263 -60.0000
264.5000 16.6171 -60.0000
264.5500 16.6069 -60.0000
264.5812 16.6000 -60.0000
264.6000 16.5958 -60.0000
264.6500 16.5834 -60.0000
264.7000 16.5698 -60.0000
264.7500 16.5550 -60.0000
264.7653 16.5500 -60.0000
264.8000 16.5386 -60.0000
264.8500 16.5208 -60.0000
264.9000 16.5014 -60.0000
264.9035 16.5000 -60.0000
264.9500 16.4806 -60.0000
265.0000 16.4582 -60.0000
265.0172 16.4500 -60.0000
265.0500 16.4344 -60.0000
265.1000 16.4090 -60.0000
265.1168 16.4000 -60.0000
265.1500 16.3823 -60.0000
265.2000 16.3539 -60.0000
265.2066 16.3500 -60.0000
265.2500 16.3242 -60.0000
265.2888 16.3000 -60.0000
265.3000 16.2930 -60.0000
265.3500 16.2604 -60.0000
265.3652 16.2500 -60.0000
265.4000 16.2263 -60.0000
265.4371 16.2000 -60.0000
265.4500 16.1909 -60.0000
265.5000 16.1543 -60.0000
265.5057 16.1500 -60.0000
265.5500 16.1169 -60.0000
265.5722 16.1000 -60.0000
265.6000 16.0790 -60.0000
265.6382 16.0500 -60.0000
265.6500 16.0411 -60.0000
265.7000 16.0041 -60.0000
265.7057 16.0000 -60.0000
265.7500 15.9689 -60.0000
265.7784 15.9500 -60.0000
265.8000 15.9360 -60.0000
265.8500 15.9060 -60.0000
265.8610 15.9000 -60.0000
265.9000 15.8795 -60.0000
265.9500 15.8562 -60.0000
265.9656 15.8500 -60.0000
266.0000 15.8365 -60.0000
266.0500 15.8198 -60.0000
266.1000 15.8057 -60.0000
266.1241 15.8000 -60.0000
266.1500 15.7938 -60.0000
266.2000 15.7834 -60.0000
266.2500 15.7739 -60.0000
266.3000 15.7646 -60.0000
266.3500 15.7549 -60.0000
266.3732 15.7500 -60.0000
266.4000 15.7440 -60.0000
266.4500 15.7312 -60.0000
266.5000 15.7164 -60.0000
266.5485 15.7000 -60.0000
266.5500 15.6995 -60.0000
266.6000 15.6790 -60.0000
266.6500 15.6564 -60.0000
266.6628 15.6500 -60.0000
266.7000 15.6305 -60.0000
266.7500 15.6023 -60.0000
266.7538 15.6000 -60.0000
266.8000 15.5707 -60.0000
266.8310 15.5500 -60.0000
266.8500 15.5370 -60.0000
266.9000 15.5009 -60.0000
266.9012 15.5000 -60.0000
266.9500 15.4621 -60.0000
266.9650 15.4500 -60.0000
267.0000 15.4215 -60.0000
267.0257 15.4000 -60.0000
267.0500 15.3797 -60.0000
267.0845 15.3500 -60.0000
267.1000 15.3369 -60.0000
267.1425 15.3000 -60.0000
267.1500 15.2936 -60.0000
267.2000 15.2504 -60.0000
267.2005 15.2500 -60.0000
267.2500 15.2073 -60.0000
267.2584 15.2000 -60.0000
267.3000 15.1646 -60.0000
267.3171 15.1500 -60.0000
267.3500 15.1225 -60.0000
267.3769 15.1000 -60.0000
267.4000 15.0810 -60.0000
267.4379 15.0500 -60.0000
267.4500 15.0402 -60.0000
267.5000 15.0003 -60.0000
267.5003 15.0000 -60.0000
267.5500 14.9609 -60.0000
267.5642 14.9500 -60.0000
267.6000 14.9228 -60.0000
267.6308 14.9000 -60.0000
267.6500 14.8859 -60.0000
267.7000 14.8505 -60.0000
267.7007 14.8500 -60.0000
267.7500 14.8160 -60.0000
267.7742 14.8000 -60.0000
267.8000 14.7830 -60.0000
267.8500 14.7515 -60.0000
267.8524 14.7500 -60.0000
267.9000 14.7205 -60.0000
267.9347 14.7000 -60.0000
267.9500 14.6908 -60.0000
268.0000 14.6617 -60.0000
268.0205 14.6500 -60.0000
268.0500 14.6330 -60.0000
268.1000 14.6050 -60.0000
268.1091 14.6000 -60.0000
268.1500 14.5769 -60.0000
268.1992 14.5500 -60.0000
268.2000 14.5496 -60.0000
268.2500 14.5216 -60.0000
268.2899 14.5000 -60.0000
268.3000 14.4944 -60.0000
268.3500 14.4667 -60.0000
268.3811 14.4500 -60.0000
268.4000 14.4395 -60.0000
268.4500 14.4122 -60.0000
268.4727 14.4000 -60.0000
268.5000 14.3849 -60.0000
268.5500 14.3580 -60.0000
268.5652 14.3500 -60.0000
268.6000 14.3311 -60.0000
268.6500 14.3050 -60.0000
268.6598 14.3000 -60.0000
268.7000 14.2790 -60.0000
268.7500 14.2542 -60.0000
268.7587 14.2500 -60.0000
268.8000 14.2297 -60.0000
268.8500 14.2064 -60.0000
268.8645 14.2000 -60.0000
268.9000 14.1837 -60.0000
268.9500 14.1619 -60.0000
268.9786 14.1500 -60.0000
269.0000 14.1408 -60.0000
269.0500 14.1199 -60.0000
269.0999 14.1000 -60.0000
269.1000 14.1000 -60.0000
269.1500 14.0793 -60.0000
269.2000 14.0594 -60.0000
269.2238 14.0500 -60.0000
269.2500 14.0393 -60.0000
269.3000 14.0190 -60.0000
269.3480 14.0000 -60.0000
269.3500 13.9992 -60.0000
269.4000 13.9784 -60.0000
269.4500 13.9583 -60.0000
269.4708 13.9500 -60.0000
269.5000 13.9379 -60.0000
269.5500 13.9174 -60.0000
269.5936 13.9000 -60.0000
269.6000 13.8974 -60.0000
269.6500 13.8766 -60.0000
269.7000 13.8564 -60.0000
269.7158 13.8500 -60.0000
269.7500 13.8357 -60.0000
269.8000 13.8149 -60.0000
269.8365 13.8000 -60.0000
269.8500 13.7942 -60.0000
269.9000 13.7726 -60.0000
269.9500 13.7513 -60.0000
269.9530 13.7500 -60.0000
270.0000 13.7285 -60.0000
270.0500 13.7059 -60.0000
270.0629 13.7000 -60.0000
270.1000 13.6822 -60.0000
270.1500 13.6584 -60.0000
270.1675 13.6500 -60.0000
270.2000 13.6338 -60.0000
270.2500 13.6093 -60.0000
270.2692 13.6000 -60.0000
270.3000 13.5846 -60.0000
270.3500 13.5602 -60.0000
270.3716 13.5500 -60.0000
270.4000 13.5361 -60.0000
270.4500 13.5126 -60.0000
270.4781 13.5000 -60.0000
270.5000 13.4898 -60.0000
270.5500 13.4674 -60.0000
270.5910 13.4500 -60.0000
270.6000 13.4460 -60.0000
270.6500 13.4244 -60.0000
270.7000 13.4037 -60.0000
270.7091 13.4000 -60.0000
270.7500 13.3825 -60.0000
270.8000 13.3617 -60.0000
270.8284 13.3500 -60.0000
270.8500 13.3407 -60.0000
270.9000 13.3193 -60.0000
270.9461 13.3000 -60.0000
270.9500 13.2983 -60.0000
271.0000 13.2762 -60.0000
271.0500 13.2548 -60.0000
271.0613 13.2500 -60.0000
271.1000 13.2327 -60.0000
271.1500 13.2109 -60.0000
271.1757 13.2000 -60.0000
271.2000 13.1891 -60.0000
271.2500 13.1671 -60.0000
271.2900 13.1500 -60.0000
271.3000 13.1455 -60.0000
271.3500 13.1230 -60.0000
271.4000 13.1011 -60.0000
271.4025 13.1000 -60.0000
271.4500 13.0779 -60.0000
271.5000 13.0549 -60.0000
271.5105 13.0500 -60.0000
271.5500 13.0307 -60.0000
271.6000 13.0065 -60.0000
271.6132 13.0000 -60.0000
271.6500 12.9811 -60.0000
271.7000 12.9556 -60.0000
271.7109 12.9500 -60.0000
271.7500 12.9291 -60.0000
271.8000 12.9026 -60.0000
271.8049 12.9000 -60.0000
271.8500 12.8750 -60.0000
271.8957 12.8500 -60.0000
271.9000 12.8476 -60.0000
271.9500 12.8190 -60.0000
271.9834 12.8000 -60.0000
272.0000 12.7903 -60.0000
272.0500 12.7609 -60.0000
272.0682 12.7500 -60.0000
272.1000 12.7307 -60.0000
272.1500 12.7002 -60.0000
272.1504 12.7000 -60.0000
272.2000 12.6685 -60.0000
272.2290 12.6500 -60.0000
272.2500 12.6365 -60.0000
272.3000 12.6041 -60.0000
272.3062 12.6000 -60.0000
272.3500 12.5710 -60.0000
272.3820 12.5500 -60.0000
272.4000 12.5381 -60.0000
272.4500 12.5051 -60.0000
272.4577 12.5000 -60.0000
272.5000 12.4719 -60.0000
272.5333 12.4500 -60.0000
272.5500 12.4390 -60.0000
272.6000 12.4061 -60.0000
272.6094 12.4000 -60.0000
272.6500 12.3731 -60.0000
272.6851 12.3500 -60.0000
272.7000 12.3401 -60.0000
272.7500 12.3067 -60.0000
272.7600 12.3000 -60.0000
272.8000 12.2726 -60.0000
272.8329 12.2500 -60.0000
272.8500 12.2380 -60.0000
272.9000 12.2026 -60.0000
272.9035 12.2000 -60.0000
272.9500 12.1656 -60.0000
272.9707 12.1500 -60.0000
273.0000 12.1276 -60.0000
273.0354 12.1000 -60.0000
273.0500 12.0884 -60.0000
273.0977 12.0500 -60.0000
273.1000 12.0481 -60.0000
273.1500 12.0062 -60.0000
273.1573 12.0000 -60.0000
273.2000 11.9632 -60.0000
273.2153 11.9500 -60.0000
273.2500 11.9194 -60.0000
273.2720 11.9000 -60.0000
273.3000 11.8750 -60.0000
273.3279 11.8500 -60.0000
273.3500 11.8300 -60.0000
273.3832 11.8000 -60.0000
273.4000 11.7846 -60.0000
273.4380 11.7500 -60.0000
273.4500 11.7389 -60.0000
273.4923 11.7000 -60.0000
273.5000 11.6929 -60.0000
273.5460 11.6500 -60.0000
273.5500 11.6463 -60.0000
273.5989 11.6000 -60.0000
273.6000 11.5989 -60.0000
273.6500 11.5506 -60.0000
273.6506 11.5500 -60.0000
273.7000 11.5011 -60.0000
273.7011 11.5000 -60.0000
273.7500 11.4504 -60.0000
273.7504 11.4500 -60.0000
273.7987 11.4000 -60.0000
273.8000 11.3987 -60.0000
273.8464 11.3500 -60.0000
273.8500 11.3462 -60.0000
273.8938 11.3000 -60.0000
273.9000 11.2935 -60.0000
273.9414 11.2500 -60.0000
273.9500 11.2410 -60.0000
273.9895 11.2000 -60.0000
274.0000 11.1892 -60.0000
274.0383 11.1500 -60.0000
274.0500 11.1382 -60.0000
274.0880 11.1000 -60.0000
274.1000 11.0881 -60.0000
274.1387 11.0500 -60.0000
274.1500 11.0389 -60.0000
274.1902 11.0000 -60.0000
274.2000 10.9904 -60.0000
274.2425 10.9500 -60.0000
274.2500 10.9428 -60.0000
274.2956 10.9000 -60.0000
274.3000 10.8958 -60.0000
274.3497 10.8500 -60.0000
274.3500 10.8498 -60.0000
274.4000 10.8044 -60.0000
274.4050 10.8000 -60.0000
274.4500 10.7602 -60.0000
274.4620 10.7500 -60.0000
274.5000 10.7174 -60.0000
274.5212 10.7000 -60.0000
274.5500 10.6761 -60.0000
274.5830 10.6500 -60.0000
274.6000 10.6364 -60.0000
274.6477 10.6000 -60.0000
274.6500 10.5982 -60.0000
274.7000 10.5607 -60.0000
274.7149 10.5500 -60.0000
274.7500 10.5243 -60.0000
274.7845 10.5000 -60.0000
274.8000 10.4888 -60.0000
274.8500 10.4539 -60.0000
274.8556 10.4500 -60.0000
274.9000 10.4186 -60.0000
274.9269 10.4000 -60.0000
274.9500 10.3837 -60.0000
274.9984 10.3500 -60.0000
275.0000 10.3488 -60.0000
275.0500 10.3128 -60.0000
275.0677 10.3000 -60.0000
275.1000 10.2763 -60.0000
275.1357 10.2500 -60.0000
275.1500 10.2393 -60.0000
275.2000 10.2014 -60.0000
275.2018 10.2000 -60.0000
275.2500 10.1620 -60.0000
275.2650 10.1500 -60.0000
275.3000 10.1218 -60.0000
275.3266 10.1000 -60.0000
275.3500 10.0807 -60.0000
275.3869 10.0500 -60.0000
275.4000 10.0391 -60.0000
275.4466 10.0000 -60.0000
275.4500 9.9971 -60.0000
275.5000 9.9551 -60.0000
275.5061 9.9500 -60.0000
275.5500 9.9134 -60.0000
275.5665 9.9000 -60.0000
275.6000 9.8728 -60.0000
275.6292 9.8500 -60.0000
275.6500 9.8337 -60.0000
275.6952 9.8000 -60.0000
275.7000 9.7964 -60.0000
275.7500 9.7605 -60.0000
275.7657 9.7500 -60.0000
275.8000 9.7266 -60.0000
275.8419 9.7000 -60.0000
275.8500 9.6948 -60.0000
275.9000 9.6642 -60.0000
275.9251 9.6500 -60.0000
275.9500 9.6353 -60.0000
276.0000 9.6078 -60.0000
276.0148 9.6000 -60.0000
276.0500 9.5807 -60.0000
276.1000 9.5543 -60.0000
276.1084 9.5500 -60.0000
276.1500 9.5271 -60.0000
276.1995 9.5000 -60.0000
276.2000 9.4997 -60.0000
276.2500 9.4699 -60.0000
276.2821 9.4500 -60.0000
276.3000 9.4382 -60.0000
276.3500 9.4036 -60.0000
276.3549 9.4000 -60.0000
276.4000 9.3652 -60.0000
276.4186 9.3500 -60.0000
276.4500 9.3234 -60.0000
276.4761 9.3000 -60.0000
276.5000 9.2782 -60.0000
276.5293 9.2500 -60.0000
276.5500 9.2300 -60.0000
276.5798 9.2000 -60.0000
276.6000 9.1798 -60.0000
276.6289 9.1500 -60.0000
276.6500 9.1286 -60.0000
276.6776 9.1000 -60.0000
276.7000 9.0774 -60.0000
276.7268 9.0500 -60.0000
276.7500 9.0271 -60.0000
276.7773 9.0000 -60.0000
276.8000 8.9784 -60.0000
276.8300 8.9500 -60.0000
276.8500 8.9318 -60.0000
276.8856 8.9000 -60.0000
276.9000 8.8877 -60.0000
276.9450 8.8500 -60.0000
276.9500 8.8460 -60.0000
277.0000 8.8066 -60.0000
277.0086 8.8000 -60.0000
277.0500 8.7691 -60.0000
277.0763 8.7500 -60.0000
277.1000 8.7332 -60.0000
