256.6330 20.5500 -200.0000
256.6500 20.5030 -200.0000
256.6512 20.5000 -200.0000
256.6712 20.4500 -200.0000
256.6925 20.4000 -200.0000
256.7000 20.3835 -200.0000
256.7170 20.3500 -200.0000
256.7452 20.3000 -200.0000
256.7500 20.2922 -200.0000
256.7802 20.2500 -200.0000
256.8000 20.2255 -200.0000
256.8239 20.2000 -200.0000
256.8500 20.1754 -200.0000
256.8814 20.1500 -200.0000
256.9000 20.1366 -200.0000
256.9500 20.1051 -200.0000
256.9589 20.1000 -200.0000
257.0000 20.0788 -200.0000
257.0500 20.0551 -200.0000
257.0611 20.0500 -200.0000
257.1000 20.0337 -200.0000
257.1500 20.0135 -200.0000
257.1846 20.0000 -200.0000
257.2000 19.9945 -200.0000
257.2500 19.9771 -200.0000
257.3000 19.9611 -200.0000
257.3391 19.9500 -200.0000
257.3500 19.9472 -200.0000
257.4000 19.9360 -200.0000
257.4500 19.9274 -200.0000
257.5000 19.9217 -200.0000
257.5500 19.9190 -200.0000
257.6000 19.9193 -200.0000
257.6500 19.9227 -200.0000
257.7000 19.9291 -200.0000
257.7500 19.9384 -200.0000
257.7985 19.9500 -200.0000
257.8000 19.9504 -200.0000
257.8500 19.9653 -200.0000
257.9000 19.9824 -200.0000
257.9468 20.0000 -200.0000
257.9500 20.0013 -200.0000
258.0000 20.0219 -200.0000
258.0500 20.0432 -200.0000
258.0657 20.0500 -200.0000
258.1000 20.0650 -200.0000
258.1500 20.0866 -200.0000
258.1822 20.1000 -200.0000
258.2000 20.1074 -200.0000
258.2500 20.1273 -200.0000
258.3000 20.1460 -200.0000
258.3116 20.1500 -200.0000
258.6000 20.2280 -200.0000
258.6500 20.2355 -200.0000
258.7000 20.2405 -200.0000
258.7500 20.2427 -200.0000
258.8000 20.2417 -200.0000
258.8500 20.2375 -200.0000
258.9000 20.2302 -200.0000
258.9500 20.2201 -200.0000
259.0000 20.2079 -200.0000
259.0278 20.2000 -200.0000
259.0500 20.1939 -200.0000
259.1000 20.1787 -200.0000
259.1500 20.1633 -200.0000
259.1936 20.1500 -200.0000
259.2000 20.1481 -200.0000
259.2500 20.1330 -200.0000
259.3000 20.1189 -200.0000
259.3500 20.1061 -200.0000
259.3756 20.1000 -200.0000
259.4000 20.0941 -200.0000
259.4500 20.0831 -200.0000
259.5000 20.0734 -200.0000
259.5500 20.0649 -200.0000
259.6000 20.0575 -200.0000
259.6500 20.0509 -200.0000
259.6580 20.0500 -200.0000
259.7000 20.0447 -200.0000
259.7500 20.0390 -200.0000
259.8000 20.0335 -200.0000
259.8500 20.0281 -200.0000
259.9000 20.0223 -200.0000
259.9500 20.0159 -200.0000
260.0000 20.0087 -200.0000
260.0500 20.0004 -200.0000
260.0522 20.0000 -200.0000
260.1000 19.9904 -200.0000
260.1500 19.9791 -200.0000
260.2000 19.9665 -200.0000
260.2500 19.9527 -200.0000
260.2592 19.9500 -200.0000
260.3000 19.9374 -200.0000
260.3500 19.9210 -200.0000
260.4000 19.9038 -200.0000
260.4106 19.9000 -200.0000
260.4500 19.8855 -200.0000
260.5000 19.8665 -200.0000
260.5427 19.8500 -200.0000
260.5500 19.8471 -200.0000
260.6000 19.8269 -200.0000
260.6500 19.8067 -200.0000
260.6664 19.8000 -200.0000
260.7000 19.7861 -200.0000
260.7500 19.7654 -200.0000
260.7878 19.7500 -200.0000
260.8000 19.7449 -200.0000
260.8500 19.7244 -200.0000
260.9000 19.7043 -200.0000
260.9108 19.7000 -200.0000
260.9500 19.6843 -200.0000
261.0000 19.6646 -200.0000
261.0378 19.6500 -200.0000
261.0500 19.6453 -200.0000
261.1000 19.6260 -200.0000
261.1500 19.6072 -200.0000
261.1694 19.6000 -200.0000
261.2000 19.5885 -200.0000
261.2500 19.5700 -200.0000
261.3000 19.5518 -200.0000
261.3050 19.5500 -200.0000
261.3500 19.5335 -200.0000
261.4000 19.5155 -200.0000
261.4434 19.5000 -200.0000
261.4500 19.4976 -200.0000
261.5000 19.4795 -200.0000
261.5500 19.4616 -200.0000
261.5824 19.4500 -200.0000
261.6000 19.4436 -200.0000
261.6500 19.4253 -200.0000
261.7000 19.4071 -200.0000
261.7196 19.4000 -200.0000
261.7500 19.3887 -200.0000
261.8000 19.3701 -200.0000
261.8500 19.3516 -200.0000
261.8543 19.3500 -200.0000
261.9000 19.3327 -200.0000
261.9500 19.3140 -200.0000
261.9879 19.3000 -200.0000
262.0000 19.2954 -200.0000
262.0500 19.2766 -200.0000
262.1000 19.2583 -200.0000
262.1230 19.2500 -200.0000
262.1500 19.2401 -200.0000
262.2000 19.2220 -200.0000
262.2500 19.2046 -200.0000
262.2634 19.2000 -200.0000
262.3000 19.1872 -200.0000
262.3500 19.1704 -200.0000
262.4000 19.1543 -200.0000
262.4141 19.1500 -200.0000
262.4500 19.1385 -200.0000
262.5000 19.1234 -200.0000
262.5500 19.1091 -200.0000
262.5839 19.1000 -200.0000
262.6000 19.0955 -200.0000
262.6500 19.0822 -200.0000
262.7000 19.0697 -200.0000
262.7500 19.0581 -200.0000
262.7868 19.0500 -200.0000
262.8000 19.0469 -200.0000
262.8500 19.0358 -200.0000
262.9000 19.0252 -200.0000
262.9500 19.0150 -200.0000
263.0000 19.0051 -200.0000
263.0266 19.0000 -200.0000
263.0500 18.9951 -200.0000
263.1000 18.9848 -200.0000
263.1500 18.9747 -200.0000
263.2000 18.9647 -200.0000
263.2500 18.9548 -200.0000
263.2748 18.9500 -200.0000
263.3000 18.9447 -200.0000
263.3500 18.9345 -200.0000
263.4000 18.9245 -200.0000
263.4500 18.9149 -200.0000
263.5000 18.9055 -200.0000
263.5307 18.9000 -200.0000
263.5500 18.8963 -200.0000
263.6000 18.8874 -200.0000
263.6500 18.8788 -200.0000
263.7000 18.8705 -200.0000
263.7500 18.8624 -200.0000
263.8000 18.8541 -200.0000
263.8253 18.8500 -200.0000
263.8500 18.8459 -200.0000
263.9000 18.8375 -200.0000
263.9500 18.8286 -200.0000
264.0000 18.8191 -200.0000
264.0500 18.8086 -200.0000
264.0883 18.8000 -200.0000
264.1000 18.7974 -200.0000
264.1500 18.7860 -200.0000
264.2000 18.7737 -200.0000
264.2500 18.7605 -200.0000
264.2871 18.7500 -200.0000
264.3000 18.7466 -200.0000
264.3500 18.7329 -200.0000
264.4000 18.7182 -200.0000
264.4500 18.7022 -200.0000
264.4566 18.7000 -200.0000
264.5000 18.6863 -200.0000
264.5500 18.6687 -200.0000
264.5972 18.6500 -200.0000
264.6000 18.6489 -200.0000
264.6500 18.6286 -200.0000
264.7000 18.6053 -200.0000
264.7105 18.6000 -200.0000
264.7500 18.5809 -200.0000
264.8000 18.5539 -200.0000
264.8068 18.5500 -200.0000
264.8500 18.5262 -200.0000
264.8939 18.5000 -200.0000
264.9000 18.4965 -200.0000
264.9500 18.4670 -200.0000
264.9775 18.4500 -200.0000
265.0000 18.4368 -200.0000
265.0500 18.4067 -200.0000
265.0609 18.4000 -200.0000
265.1000 18.3776 -200.0000
265.1474 18.3500 -200.0000
265.1500 18.3486 -200.0000
265.2000 18.3216 -200.0000
265.2401 18.3000 -200.0000
265.2500 18.2950 -200.0000
265.3000 18.2705 -200.0000
265.3423 18.2500 -200.0000
265.3500 18.2465 -200.0000
265.4000 18.2248 -200.0000
265.4500 18.2037 -200.0000
265.4590 18.2000 -200.0000
265.5000 18.1844 -200.0000
265.5500 18.1661 -200.0000
265.5951 18.1500 -200.0000
265.6000 18.1484 -200.0000
265.6500 18.1321 -200.0000
265.7000 18.1162 -200.0000
265.7500 18.1005 -200.0000
265.7515 18.1000 -200.0000
265.8000 18.0855 -200.0000
265.8500 18.0702 -200.0000
265.9000 18.0546 -200.0000
265.9139 18.0500 -200.0000
265.9500 18.0385 -200.0000
266.0000 18.0213 -200.0000
266.0500 18.0026 -200.0000
266.0562 18.0000 -200.0000
266.1000 17.9820 -200.0000
266.1500 17.9591 -200.0000
266.1675 17.9500 -200.0000
266.2000 17.9333 -200.0000
266.2500 17.9043 -200.0000
266.2566 17.9000 -200.0000
266.3000 17.8721 -200.0000
266.3310 17.8500 -200.0000
266.3500 17.8367 -200.0000
266.3980 17.8000 -200.0000
266.4000 17.7985 -200.0000
266.4500 17.7578 -200.0000
266.4590 17.7500 -200.0000
266.5000 17.7151 -200.0000
266.5169 17.7000 -200.0000
266.5500 17.6709 -200.0000
266.5728 17.6500 -200.0000
266.6000 17.6253 -200.0000
266.6269 17.6000 -200.0000
266.6500 17.5783 -200.0000
266.6793 17.5500 -200.0000
266.7000 17.5298 -200.0000
266.7297 17.5000 -200.0000
266.7500 17.4793 -200.0000
266.7780 17.4500 -200.0000
266.8000 17.4263 -200.0000
266.8239 17.4000 -200.0000
266.8500 17.3704 -200.0000
266.8675 17.3500 -200.0000
266.9000 17.3111 -200.0000
266.9090 17.3000 -200.0000
266.9489 17.2500 -200.0000
266.9500 17.2486 -200.0000
266.9871 17.2000 -200.0000
267.0000 17.1832 -200.0000
267.0248 17.1500 -200.0000
267.0500 17.1169 -200.0000
267.0626 17.1000 -200.0000
267.1000 17.0511 -200.0000
267.1008 17.0500 -200.0000
267.1394 17.0000 -200.0000
267.1500 16.9869 -200.0000
267.1791 16.9500 -200.0000
267.2000 16.9246 -200.0000
267.2197 16.9000 -200.0000
267.2500 16.8635 -200.0000
267.2609 16.8500 -200.0000
267.3000 16.8029 -200.0000
267.3023 16.8000 -200.0000
267.3430 16.7500 -200.0000
267.3500 16.7415 -200.0000
267.3826 16.7000 -200.0000
267.4000 16.6782 -200.0000
267.4212 16.6500 -200.0000
267.4500 16.6122 -200.0000
267.4588 16.6000 -200.0000
267.4952 16.5500 -200.0000
267.5000 16.5436 -200.0000
267.5307 16.5000 -200.0000
267.5500 16.4733 -200.0000
267.5662 16.4500 -200.0000
267.6000 16.4029 -200.0000
267.6020 16.4000 -200.0000
267.6381 16.3500 -200.0000
267.6500 16.3343 -200.0000
267.6755 16.3000 -200.0000
267.7000 16.2685 -200.0000
267.7144 16.2500 -200.0000
267.7500 16.2062 -200.0000
267.7551 16.2000 -200.0000
267.7978 16.1500 -200.0000
267.8000 16.1476 -200.0000
267.8428 16.1000 -200.0000
267.8500 16.0923 -200.0000
267.8902 16.0500 -200.0000
267.9000 16.0400 -200.0000
267.9401 16.0000 -200.0000
267.9500 15.9903 -200.0000
267.9924 15.9500 -200.0000
268.0000 15.9429 -200.0000
268.0469 15.9000 -200.0000
268.0500 15.8972 -200.0000
268.1000 15.8530 -200.0000
268.1034 15.8500 -200.0000
268.1500 15.8098 -200.0000
268.1615 15.8000 -200.0000
268.2000 15.7675 -200.0000
268.2209 15.7500 -200.0000
268.2500 15.7259 -200.0000
268.2815 15.7000 -200.0000
268.3000 15.6848 -200.0000
268.3430 15.6500 -200.0000
268.3500 15.6444 -200.0000
268.4000 15.6044 -200.0000
268.4055 15.6000 -200.0000
268.4500 15.5648 -200.0000
268.4691 15.5500 -200.0000
268.5000 15.5260 -200.0000
268.5341 15.5000 -200.0000
268.5500 15.4879 -200.0000
268.6000 15.4508 -200.0000
268.6010 15.4500 -200.0000
268.6500 15.4141 -200.0000
268.6699 15.4000 -200.0000
268.7000 15.3785 -200.0000
268.7413 15.3500 -200.0000
268.7500 15.3439 -200.0000
268.8000 15.3101 -200.0000
268.8153 15.3000 -200.0000
268.8500 15.2770 -200.0000
268.8919 15.2500 -200.0000
268.9000 15.2448 -200.0000
268.9500 15.2129 -200.0000
268.9708 15.2000 -200.0000
269.0000 15.1816 -200.0000
269.0500 15.1510 -200.0000
269.0516 15.1500 -200.0000
269.1000 15.1204 -200.0000
269.1341 15.1000 -200.0000
269.1500 15.0904 -200.0000
269.2000 15.0609 -200.0000
269.2189 15.0500 -200.0000
269.2500 15.0320 -200.0000
269.3000 15.0039 -200.0000
269.3071 15.0000 -200.0000
269.3500 14.9765 -200.0000
269.4000 14.9502 -200.0000
269.4004 14.9500 -200.0000
269.4500 14.9246 -200.0000
269.5000 14.9000 -200.0000
269.5000 14.9000 -200.0000
269.5500 14.8760 -200.0000
269.6000 14.8529 -200.0000
269.6063 14.8500 -200.0000
269.6500 14.8301 -200.0000
269.7000 14.8079 -200.0000
269.7180 14.8000 -200.0000
269.7500 14.7859 -200.0000
269.8000 14.7641 -200.0000
269.8329 14.7500 -200.0000
269.8500 14.7425 -200.0000
269.9000 14.7209 -200.0000
269.9485 14.7000 -200.0000
269.9500 14.6994 -200.0000
270.0000 14.6774 -200.0000
270.0500 14.6556 -200.0000
270.0628 14.6500 -200.0000
270.1000 14.6334 -200.0000
270.1500 14.6112 -200.0000
270.1750 14.6000 -200.0000
270.2000 14.5886 -200.0000
270.2500 14.5659 -200.0000
270.2851 14.5500 -200.0000
270.3000 14.5431 -200.0000
270.3500 14.5200 -200.0000
270.3939 14.5000 -200.0000
270.4000 14.4972 -200.0000
270.4500 14.4740 -200.0000
270.5000 14.4513 -200.0000
270.5030 14.4500 -200.0000
270.5500 14.4285 -200.0000
270.6000 14.4062 -200.0000
270.6142 14.4000 -200.0000
270.6500 14.3841 -200.0000
270.7000 14.3625 -200.0000
270.7298 14.3500 -200.0000
270.7500 14.3413 -200.0000
270.8000 14.3205 -200.0000
270.8500 14.3004 -200.0000
270.8509 14.3000 -200.0000
270.9000 14.2800 -200.0000
270.9500 14.2599 -200.0000
270.9747 14.2500 -200.0000
271.0000 14.2395 -200.0000
271.0500 14.2185 -200.0000
271.0930 14.2000 -200.0000
271.1000 14.1969 -200.0000
271.1500 14.1740 -200.0000
271.2000 14.1503 -200.0000
271.2005 14.1500 -200.0000
271.2500 14.1251 -200.0000
271.2987 14.1000 -200.0000
271.3000 14.0993 -200.0000
271.3500 14.0726 -200.0000
271.3921 14.0500 -200.0000
271.4000 14.0458 -200.0000
271.4500 14.0188 -200.0000
271.4850 14.0000 -200.0000
271.5000 13.9920 -200.0000
271.5500 13.9655 -200.0000
271.5793 13.9500 -200.0000
271.6000 13.9392 -200.0000
271.6500 13.9131 -200.0000
271.6751 13.9000 -200.0000
271.7000 13.8871 -200.0000
271.7500 13.8613 -200.0000
271.7718 13.8500 -200.0000
271.8000 13.8355 -200.0000
271.8500 13.8100 -200.0000
271.8697 13.8000 -200.0000
271.9000 13.7847 -200.0000
271.9500 13.7599 -200.0000
271.9704 13.7500 -200.0000
272.0000 13.7356 -200.0000
272.0500 13.7118 -200.0000
272.0753 13.7000 -200.0000
272.1000 13.6884 -200.0000
272.1500 13.6652 -200.0000
272.1831 13.6500 -200.0000
272.2000 13.6421 -200.0000
272.2500 13.6185 -200.0000
272.2885 13.6000 -200.0000
272.3000 13.5943 -200.0000
272.3500 13.5689 -200.0000
272.3853 13.5500 -200.0000
272.4000 13.5420 -200.0000
272.4500 13.5130 -200.0000
272.4711 13.5000 -200.0000
272.5000 13.4818 -200.0000
272.5473 13.4500 -200.0000
272.5500 13.4482 -200.0000
272.6000 13.4119 -200.0000
272.6154 13.4000 -200.0000
272.6500 13.3731 -200.0000
272.6781 13.3500 -200.0000
272.7000 13.3321 -200.0000
272.7374 13.3000 -200.0000
272.7500 13.2893 -200.0000
272.7943 13.2500 -200.0000
272.8000 13.2450 -200.0000
272.8499 13.2000 -200.0000
272.8500 13.1999 -200.0000
272.9000 13.1543 -200.0000
272.9046 13.1500 -200.0000
272.9500 13.1085 -200.0000
272.9591 13.1000 -200.0000
273.0000 13.0625 -200.0000
273.0133 13.0500 -200.0000
273.0500 13.0163 -200.0000
273.0673 13.0000 -200.0000
273.1000 12.9698 -200.0000
273.1208 12.9500 -200.0000
273.1500 12.9226 -200.0000
273.1734 12.9000 -200.0000
273.2000 12.8747 -200.0000
273.2251 12.8500 -200.0000
273.2500 12.8259 -200.0000
273.2759 12.8000 -200.0000
273.3000 12.7763 -200.0000
273.3260 12.7500 -200.0000
273.3500 12.7262 -200.0000
273.3758 12.7000 -200.0000
273.4000 12.6760 -200.0000
273.4258 12.6500 -200.0000
273.4500 12.6262 -200.0000
273.4763 12.6000 -200.0000
273.5000 12.5771 -200.0000
273.5279 12.5500 -200.0000
273.5500 12.5291 -200.0000
273.5809 12.5000 -200.0000
273.6000 12.4824 -200.0000
273.6354 12.4500 -200.0000
273.6500 12.4368 -200.0000
273.6913 12.4000 -200.0000
273.7000 12.3924 -200.0000
273.7485 12.3500 -200.0000
273.7500 12.3487 -200.0000
273.8000 12.3053 -200.0000
273.8061 12.3000 -200.0000
273.8500 12.2618 -200.0000
273.8636 12.2500 -200.0000
273.9000 12.2180 -200.0000
273.9204 12.2000 -200.0000
273.9500 12.1735 -200.0000
273.9761 12.1500 -200.0000
274.0000 12.1281 -200.0000
274.0304 12.1000 -200.0000
274.0500 12.0817 -200.0000
274.0835 12.0500 -200.0000
274.1000 12.0343 -200.0000
274.1357 12.0000 -200.0000
274.1500 11.9862 -200.0000
274.1875 11.9500 -200.0000
274.2000 11.9379 -200.0000
274.2396 11.9000 -200.0000
274.2500 11.8900 -200.0000
274.2926 11.8500 -200.0000
274.3000 11.8431 -200.0000
274.3474 11.8000 -200.0000
274.3500 11.7976 -200.0000
274.4000 11.7537 -200.0000
274.4044 11.7500 -200.0000
274.4500 11.7115 -200.0000
274.4643 11.7000 -200.0000
274.5000 11.6711 -200.0000
274.5275 11.6500 -200.0000
274.5500 11.6324 -200.0000
274.5937 11.6000 -200.0000
274.6000 11.5952 -200.0000
274.6500 11.5586 -200.0000
274.6622 11.5500 -200.0000
274.7000 11.5223 -200.0000
274.7316 11.5000 -200.0000
274.7500 11.4864 -200.0000
274.8000 11.4505 -200.0000
274.8007 11.4500 -200.0000
274.8500 11.4135 -200.0000
274.8684 11.4000 -200.0000
274.9000 11.3760 -200.0000
274.9347 11.3500 -200.0000
274.9500 11.3381 -200.0000
274.9996 11.3000 -200.0000
275.0000 11.2997 -200.0000
275.0500 11.2604 -200.0000
275.0634 11.2500 -200.0000
275.1000 11.2210 -200.0000
275.1267 11.2000 -200.0000
275.1500 11.1815 -200.0000
275.1902 11.1500 -200.0000
275.2000 11.1422 -200.0000
275.2500 11.1032 -200.0000
275.2542 11.1000 -200.0000
275.3000 11.0645 -200.0000
275.3192 11.0500 -200.0000
275.3500 11.0267 -200.0000
275.3862 11.0000 -200.0000
275.4000 10.9898 -200.0000
275.4500 10.9541 -200.0000
275.4559 10.9500 -200.0000
275.5000 10.9192 -200.0000
275.5288 10.9000 -200.0000
275.5500 10.8856 -200.0000
275.6000 10.8533 -200.0000
275.6053 10.8500 -200.0000
275.6500 10.8215 -200.0000
275.6855 10.8000 -200.0000
275.7000 10.7908 -200.0000
275.7500 10.7606 -200.0000
275.7683 10.7500 -200.0000
275.8000 10.7306 -200.0000
275.8500 10.7013 -200.0000
275.8524 10.7000 -200.0000
275.9000 10.6715 -200.0000
275.9371 10.6500 -200.0000
275.9500 10.6421 -200.0000
276.0000 10.6126 -200.0000
276.0222 10.6000 -200.0000
276.0500 10.5835 -200.0000
276.1000 10.5550 -200.0000
276.1092 10.5500 -200.0000
276.1500 10.5272 -200.0000
276.2000 10.5008 -200.0000
276.2016 10.5000 -200.0000
276.2500 10.4757 -200.0000
276.3000 10.4522 -200.0000
276.3051 10.4500 -200.0000
276.3500 10.4303 -200.0000
276.4000 10.4100 -200.0000
276.4261 10.4000 -200.0000
276.4500 10.3909 -200.0000
276.5000 10.3730 -200.0000
276.5500 10.3560 -200.0000
276.5680 10.3500 -200.0000
276.6000 10.3394 -200.0000
276.6500 10.3232 -200.0000
276.7000 10.3069 -200.0000
276.7208 10.3000 -200.0000
276.7500 10.2902 -200.0000
276.8000 10.2728 -200.0000
276.8500 10.2547 -200.0000
276.8622 10.2500 -200.0000
276.9000 10.2352 -200.0000
276.9500 10.2146 -200.0000
276.9833 10.2000 -200.0000
277.0000 10.1925 -200.0000
277.0500 10.1689 -200.0000
277.0883 10.1500 -200.0000
277.1000 10.1441 -200.0000
258.4000 20.1792 -200.0000
258.4500 20.1938 -200.0000
258.4734 20.2000 -200.0000
