258.9975 20.3000 -220.0000
259.0000 20.2992 -220.0000
259.0500 20.2800 -220.0000
259.1000 20.2603 -220.0000
259.1256 20.2500 -220.0000
259.1500 20.2405 -220.0000
259.2000 20.2210 -220.0000
259.2500 20.2029 -220.0000
259.2583 20.2000 -220.0000
259.3000 20.1856 -220.0000
259.3500 20.1700 -220.0000
259.4000 20.1563 -220.0000
259.4260 20.1500 -220.0000
259.4500 20.1440 -220.0000
259.5000 20.1332 -220.0000
259.5500 20.1240 -220.0000
259.6000 20.1163 -220.0000
259.6500 20.1099 -220.0000
259.7000 20.1045 -220.0000
259.7500 20.1000 -220.0000
259.7503 20.1000 -220.0000
259.8000 20.0957 -220.0000
259.8500 20.0917 -220.0000
259.9000 20.0876 -220.0000
259.9500 20.0830 -220.0000
260.0000 20.0776 -220.0000
260.0500 20.0712 -220.0000
260.1000 20.0635 -220.0000
260.1500 20.0543 -220.0000
260.1706 20.0500 -220.0000
260.2000 20.0434 -220.0000
260.2500 20.0309 -220.0000
260.3000 20.0171 -220.0000
260.3500 20.0022 -220.0000
260.3568 20.0000 -220.0000
260.4000 19.9858 -220.0000
260.4500 19.9686 -220.0000
260.5000 19.9507 -220.0000
260.5018 19.9500 -220.0000
260.5500 19.9317 -220.0000
260.6000 19.9124 -220.0000
260.6316 19.9000 -220.0000
260.6500 19.8926 -220.0000
260.7000 19.8724 -220.0000
260.7500 19.8520 -220.0000
260.7550 19.8500 -220.0000
260.8000 19.8314 -220.0000
260.8500 19.8108 -220.0000
260.8765 19.8000 -220.0000
260.9000 19.7903 -220.0000
260.9500 19.7699 -220.0000
260.9998 19.7500 -220.0000
261.0000 19.7499 -220.0000
261.0500 19.7299 -220.0000
261.1000 19.7104 -220.0000
261.1269 19.7000 -220.0000
261.1500 19.6911 -220.0000
261.2000 19.6720 -220.0000
261.2500 19.6534 -220.0000
261.2592 19.6500 -220.0000
261.3000 19.6348 -220.0000
261.3500 19.6166 -220.0000
261.3964 19.6000 -220.0000
261.4000 19.5987 -220.0000
261.4500 19.5807 -220.0000
261.5000 19.5628 -220.0000
261.5362 19.5500 -220.0000
261.5500 19.5450 -220.0000
261.6000 19.5270 -220.0000
261.6500 19.5091 -220.0000
261.6752 19.5000 -220.0000
261.7000 19.4909 -220.0000
261.7500 19.4725 -220.0000
261.8000 19.4542 -220.0000
261.8113 19.4500 -220.0000
261.8500 19.4355 -220.0000
261.9000 19.4167 -220.0000
261.9449 19.4000 -220.0000
261.9500 19.3981 -220.0000
262.0000 19.3790 -220.0000
262.0500 19.3603 -220.0000
262.0775 19.3500 -220.0000
262.1000 19.3415 -220.0000
262.1500 19.3227 -220.0000
262.2000 19.3044 -220.0000
262.2123 19.3000 -220.0000
262.2500 19.2862 -220.0000
262.3000 19.2684 -220.0000
262.3500 19.2513 -220.0000
262.3539 19.2500 -220.0000
262.4000 19.2344 -220.0000
262.4500 19.2184 -220.0000
262.5000 19.2035 -220.0000
262.5123 19.2000 -220.0000
262.5500 19.1890 -220.0000
262.6000 19.1755 -220.0000
262.6500 19.1631 -220.0000
262.7000 19.1517 -220.0000
262.7084 19.1500 -220.0000
262.7500 19.1408 -220.0000
262.8000 19.1308 -220.0000
262.8500 19.1215 -220.0000
262.9000 19.1130 -220.0000
262.9500 19.1051 -220.0000
262.9841 19.1000 -220.0000
263.0000 19.0974 -220.0000
263.0500 19.0898 -220.0000
263.1000 19.0826 -220.0000
263.1500 19.0756 -220.0000
263.2000 19.0689 -220.0000
263.2500 19.0626 -220.0000
263.3000 19.0565 -220.0000
263.3500 19.0509 -220.0000
263.3591 19.0500 -220.0000
263.4000 19.0454 -220.0000
263.4500 19.0405 -220.0000
263.5000 19.0363 -220.0000
263.5500 19.0330 -220.0000
264.9647 18.9500 -220.0000
265.0000 18.9065 -220.0000
265.0049 18.9000 -220.0000
265.0461 18.8500 -220.0000
265.0500 18.8457 -220.0000
265.0895 18.8000 -220.0000
265.1000 18.7892 -220.0000
265.1363 18.7500 -220.0000
265.1500 18.7368 -220.0000
265.1870 18.7000 -220.0000
265.2000 18.6885 -220.0000
265.2424 18.6500 -220.0000
265.2500 18.6438 -220.0000
265.3000 18.6027 -220.0000
265.3033 18.6000 -220.0000
265.3500 18.5652 -220.0000
265.3707 18.5500 -220.0000
265.4000 18.5303 -220.0000
265.4464 18.5000 -220.0000
265.4500 18.4979 -220.0000
265.5000 18.4683 -220.0000
265.5320 18.4500 -220.0000
265.5500 18.4405 -220.0000
265.6000 18.4146 -220.0000
265.6291 18.4000 -220.0000
265.6500 18.3902 -220.0000
265.7000 18.3670 -220.0000
265.7375 18.3500 -220.0000
265.7500 18.3446 -220.0000
265.8000 18.3229 -220.0000
265.8500 18.3017 -220.0000
265.8539 18.3000 -220.0000
265.9000 18.2805 -220.0000
265.9500 18.2591 -220.0000
265.9706 18.2500 -220.0000
266.0000 18.2372 -220.0000
266.0500 18.2144 -220.0000
266.0798 18.2000 -220.0000
266.1000 18.1903 -220.0000
266.1500 18.1641 -220.0000
266.1749 18.1500 -220.0000
266.2000 18.1357 -220.0000
266.2500 18.1044 -220.0000
266.2563 18.1000 -220.0000
266.3000 18.0694 -220.0000
266.3254 18.0500 -220.0000
266.3500 18.0311 -220.0000
266.3873 18.0000 -220.0000
266.4000 17.9894 -220.0000
266.4440 17.9500 -220.0000
266.4500 17.9447 -220.0000
266.4974 17.9000 -220.0000
266.5000 17.8976 -220.0000
266.5492 17.8500 -220.0000
266.5500 17.8493 -220.0000
266.6000 17.8003 -220.0000
266.6002 17.8000 -220.0000
266.6500 17.7511 -220.0000
266.6511 17.7500 -220.0000
266.7000 17.7020 -220.0000
266.7020 17.7000 -220.0000
266.7500 17.6527 -220.0000
266.7527 17.6500 -220.0000
266.8000 17.6028 -220.0000
266.8028 17.6000 -220.0000
266.8500 17.5519 -220.0000
266.8518 17.5500 -220.0000
266.8991 17.5000 -220.0000
266.9000 17.4990 -220.0000
266.9441 17.4500 -220.0000
266.9500 17.4433 -220.0000
266.9869 17.4000 -220.0000
267.0000 17.3842 -220.0000
267.0276 17.3500 -220.0000
267.0500 17.3215 -220.0000
267.0665 17.3000 -220.0000
267.1000 17.2555 -220.0000
267.1041 17.2500 -220.0000
267.1405 17.2000 -220.0000
267.1500 17.1870 -220.0000
267.1764 17.1500 -220.0000
267.2000 17.1177 -220.0000
267.2126 17.1000 -220.0000
267.2493 17.0500 -220.0000
267.2500 17.0491 -220.0000
267.2862 17.0000 -220.0000
267.3000 16.9819 -220.0000
267.3236 16.9500 -220.0000
267.3500 16.9156 -220.0000
267.3615 16.9000 -220.0000
267.3994 16.8500 -220.0000
267.4000 16.8492 -220.0000
267.4362 16.8000 -220.0000
267.4500 16.7815 -220.0000
267.4724 16.7500 -220.0000
267.5000 16.7114 -220.0000
267.5078 16.7000 -220.0000
267.5420 16.6500 -220.0000
267.5500 16.6384 -220.0000
267.5753 16.6000 -220.0000
267.6000 16.5631 -220.0000
267.6084 16.5500 -220.0000
267.6414 16.5000 -220.0000
267.6500 16.4874 -220.0000
267.6748 16.4500 -220.0000
267.7000 16.4136 -220.0000
267.7093 16.4000 -220.0000
267.7450 16.3500 -220.0000
267.7500 16.3433 -220.0000
267.7825 16.3000 -220.0000
267.8000 16.2777 -220.0000
267.8220 16.2500 -220.0000
267.8500 16.2165 -220.0000
267.8640 16.2000 -220.0000
267.9000 16.1594 -220.0000
267.9085 16.1500 -220.0000
267.9500 16.1059 -220.0000
267.9556 16.1000 -220.0000
268.0000 16.0553 -220.0000
268.0054 16.0500 -220.0000
268.0500 16.0073 -220.0000
268.0577 16.0000 -220.0000
268.1000 15.9611 -220.0000
268.1123 15.9500 -220.0000
268.1500 15.9164 -220.0000
268.1687 15.9000 -220.0000
268.2000 15.8728 -220.0000
268.2265 15.8500 -220.0000
268.2500 15.8300 -220.0000
268.2855 15.8000 -220.0000
268.3000 15.7879 -220.0000
268.3455 15.7500 -220.0000
268.3500 15.7463 -220.0000
268.4000 15.7053 -220.0000
268.4064 15.7000 -220.0000
268.4500 15.6647 -220.0000
268.4683 15.6500 -220.0000
268.5000 15.6248 -220.0000
268.5317 15.6000 -220.0000
268.5500 15.5858 -220.0000
268.5968 15.5500 -220.0000
268.6000 15.5476 -220.0000
268.6500 15.5102 -220.0000
268.6640 15.5000 -220.0000
268.7000 15.4737 -220.0000
268.7336 15.4500 -220.0000
268.7500 15.4384 -220.0000
268.8000 15.4041 -220.0000
268.8062 15.4000 -220.0000
268.8500 15.3705 -220.0000
268.8816 15.3500 -220.0000
268.9000 15.3379 -220.0000
268.9500 15.3060 -220.0000
268.9597 15.3000 -220.0000
269.0000 15.2745 -220.0000
269.0399 15.2500 -220.0000
269.0500 15.2437 -220.0000
269.1000 15.2130 -220.0000
269.1216 15.2000 -220.0000
269.1500 15.1827 -220.0000
269.2000 15.1528 -220.0000
269.2048 15.1500 -220.0000
269.2500 15.1232 -220.0000
269.2900 15.1000 -220.0000
269.3000 15.0942 -220.0000
269.3500 15.0659 -220.0000
269.3789 15.0500 -220.0000
269.4000 15.0384 -220.0000
269.4500 15.0119 -220.0000
269.4731 15.0000 -220.0000
269.5000 14.9863 -220.0000
269.5500 14.9615 -220.0000
269.5741 14.9500 -220.0000
269.6000 14.9376 -220.0000
269.6500 14.9144 -220.0000
269.6819 14.9000 -220.0000
269.7000 14.8918 -220.0000
269.7500 14.8696 -220.0000
269.7950 14.8500 -220.0000
269.8000 14.8478 -220.0000
269.8500 14.8261 -220.0000
269.9000 14.8046 -220.0000
269.9107 14.8000 -220.0000
269.9500 14.7829 -220.0000
270.0000 14.7613 -220.0000
270.0261 14.7500 -220.0000
270.0500 14.7395 -220.0000
270.1000 14.7175 -220.0000
270.1396 14.7000 -220.0000
270.1500 14.6954 -220.0000
270.2000 14.6729 -220.0000
270.2500 14.6504 -220.0000
270.2510 14.6500 -220.0000
270.3000 14.6276 -220.0000
270.3500 14.6049 -220.0000
270.3607 14.6000 -220.0000
270.4000 14.5819 -220.0000
270.4500 14.5592 -220.0000
270.4706 14.5500 -220.0000
270.5000 14.5366 -220.0000
270.5500 14.5142 -220.0000
270.5824 14.5000 -220.0000
270.6000 14.4922 -220.0000
270.6500 14.4704 -220.0000
270.6986 14.4500 -220.0000
270.7000 14.4494 -220.0000
270.7500 14.4286 -220.0000
270.8000 14.4086 -220.0000
270.8221 14.4000 -220.0000
270.8500 14.3889 -220.0000
270.9000 14.3697 -220.0000
270.9500 14.3508 -220.0000
270.9521 14.3500 -220.0000
271.0000 14.3315 -220.0000
271.0500 14.3121 -220.0000
271.0807 14.3000 -220.0000
271.1000 14.2921 -220.0000
271.1500 14.2709 -220.0000
271.1973 14.2500 -220.0000
271.2000 14.2488 -220.0000
271.2500 14.2248 -220.0000
271.3000 14.2000 -220.0000
271.3000 14.2000 -220.0000
271.3500 14.1735 -220.0000
271.3935 14.1500 -220.0000
271.4000 14.1464 -220.0000
271.4500 14.1186 -220.0000
271.4832 14.1000 -220.0000
271.5000 14.0906 -220.0000
271.5500 14.0627 -220.0000
271.5728 14.0500 -220.0000
271.6000 14.0350 -220.0000
271.6500 14.0076 -220.0000
271.6639 14.0000 -220.0000
271.7000 13.9805 -220.0000
271.7500 13.9537 -220.0000
271.7568 13.9500 -220.0000
271.8000 13.9271 -220.0000
271.8500 13.9009 -220.0000
271.8518 13.9000 -220.0000
271.9000 13.8752 -220.0000
271.9500 13.8501 -220.0000
271.9501 13.8500 -220.0000
272.0000 13.8255 -220.0000
272.0500 13.8018 -220.0000
272.0539 13.8000 -220.0000
272.1000 13.7787 -220.0000
272.1500 13.7561 -220.0000
272.1638 13.7500 -220.0000
272.2000 13.7338 -220.0000
272.2500 13.7115 -220.0000
272.2754 13.7000 -220.0000
272.3000 13.6887 -220.0000
272.3500 13.6649 -220.0000
272.3802 13.6500 -220.0000
272.4000 13.6399 -220.0000
272.4500 13.6129 -220.0000
272.4724 13.6000 -220.0000
272.5000 13.5837 -220.0000
272.5500 13.5518 -220.0000
272.5526 13.5500 -220.0000
272.6000 13.5169 -220.0000
272.6225 13.5000 -220.0000
272.6500 13.4790 -220.0000
272.6856 13.4500 -220.0000
272.7000 13.4382 -220.0000
272.7441 13.4000 -220.0000
272.7500 13.3949 -220.0000
272.7994 13.3500 -220.0000
272.8000 13.3495 -220.0000
272.8500 13.3026 -220.0000
272.8527 13.3000 -220.0000
272.9000 13.2550 -220.0000
272.9051 13.2500 -220.0000
272.9500 13.2069 -220.0000
272.9570 13.2000 -220.0000
273.0000 13.1588 -220.0000
273.0089 13.1500 -220.0000
273.0500 13.1106 -220.0000
273.0608 13.1000 -220.0000
273.1000 13.0623 -220.0000
273.1124 13.0500 -220.0000
273.1500 13.0135 -220.0000
273.1635 13.0000 -220.0000
273.2000 12.9641 -220.0000
273.2139 12.9500 -220.0000
273.2500 12.9139 -220.0000
273.2634 12.9000 -220.0000
273.3000 12.8627 -220.0000
273.3120 12.8500 -220.0000
273.3500 12.8107 -220.0000
273.3600 12.8000 -220.0000
273.4000 12.7584 -220.0000
273.4078 12.7500 -220.0000
273.4500 12.7063 -220.0000
273.4559 12.7000 -220.0000
273.5000 12.6549 -220.0000
273.5047 12.6500 -220.0000
273.5500 12.6048 -220.0000
273.5548 12.6000 -220.0000
273.6000 12.5561 -220.0000
273.6063 12.5500 -220.0000
273.6500 12.5090 -220.0000
273.6597 12.5000 -220.0000
273.7000 12.4632 -220.0000
273.7147 12.4500 -220.0000
273.7500 12.4186 -220.0000
273.7712 12.4000 -220.0000
273.8000 12.3748 -220.0000
273.8286 12.3500 -220.0000
273.8500 12.3313 -220.0000
273.8861 12.3000 -220.0000
273.9000 12.2878 -220.0000
273.9430 12.2500 -220.0000
273.9500 12.2438 -220.0000
273.9988 12.2000 -220.0000
274.0000 12.1989 -220.0000
274.0500 12.1528 -220.0000
274.0530 12.1500 -220.0000
274.1000 12.1056 -220.0000
274.1059 12.1000 -220.0000
274.1500 12.0576 -220.0000
274.1579 12.0500 -220.0000
274.2000 12.0092 -220.0000
274.2095 12.0000 -220.0000
274.2500 11.9609 -220.0000
274.2614 11.9500 -220.0000
274.3000 11.9134 -220.0000
274.3145 11.9000 -220.0000
274.3500 11.8672 -220.0000
274.3694 11.8500 -220.0000
274.4000 11.8228 -220.0000
274.4270 11.8000 -220.0000
274.4500 11.7805 -220.0000
274.4879 11.7500 -220.0000
274.5000 11.7402 -220.0000
274.5500 11.7020 -220.0000
274.5527 11.7000 -220.0000
274.6000 11.6648 -220.0000
274.6211 11.6500 -220.0000
274.6500 11.6291 -220.0000
274.6925 11.6000 -220.0000
274.7000 11.5946 -220.0000
274.7500 11.5601 -220.0000
274.7651 11.5500 -220.0000
274.8000 11.5256 -220.0000
274.8375 11.5000 -220.0000
274.8500 11.4910 -220.0000
274.9000 11.4557 -220.0000
274.9081 11.4500 -220.0000
274.9500 11.4193 -220.0000
274.9765 11.4000 -220.0000
275.0000 11.3822 -220.0000
275.0429 11.3500 -220.0000
275.0500 11.3445 -220.0000
275.1000 11.3059 -220.0000
275.1077 11.3000 -220.0000
275.1500 11.2668 -220.0000
275.1716 11.2500 -220.0000
275.2000 11.2276 -220.0000
275.2353 11.2000 -220.0000
275.2500 11.1885 -220.0000
275.2997 11.1500 -220.0000
275.3000 11.1497 -220.0000
275.3500 11.1113 -220.0000
275.3651 11.1000 -220.0000
275.4000 11.0739 -220.0000
275.4330 11.0500 -220.0000
275.4500 11.0377 -220.0000
275.5000 11.0029 -220.0000
275.5044 11.0000 -220.0000
275.5500 10.9693 -220.0000
275.5805 10.9500 -220.0000
275.6000 10.9374 -220.0000
275.6500 10.9069 -220.0000
275.6621 10.9000 -220.0000
275.7000 10.8775 -220.0000
275.7496 10.8500 -220.0000
275.7500 10.8498 -220.0000
275.8000 10.8223 -220.0000
275.8428 10.8000 -220.0000
275.8500 10.7960 -220.0000
275.9000 10.7697 -220.0000
275.9389 10.7500 -220.0000
275.9500 10.7440 -220.0000
276.0000 10.7180 -220.0000
276.0357 10.7000 -220.0000
276.0500 10.6923 -220.0000
276.1000 10.6663 -220.0000
276.1323 10.6500 -220.0000
276.1500 10.6406 -220.0000
276.2000 10.6151 -220.0000
276.2307 10.6000 -220.0000
276.2500 10.5903 -220.0000
276.3000 10.5662 -220.0000
276.3356 10.5500 -220.0000
276.3500 10.5434 -220.0000
276.4000 10.5217 -220.0000
276.4500 10.5014 -220.0000
276.4536 10.5000 -220.0000
276.5000 10.4822 -220.0000
276.5500 10.4641 -220.0000
276.5909 10.4500 -220.0000
276.6000 10.4469 -220.0000
276.6500 10.4302 -220.0000
276.7000 10.4139 -220.0000
276.7427 10.4000 -220.0000
276.7500 10.3976 -220.0000
276.8000 10.3809 -220.0000
276.8500 10.3636 -220.0000
276.8874 10.3500 -220.0000
276.9000 10.3453 -220.0000
276.9500 10.3259 -220.0000
