259.1500 20.5702 -320.0000
259.1775 20.5500 -320.0000
259.2000 20.5341 -320.0000
259.2500 20.5003 -320.0000
259.2505 20.5000 -320.0000
259.3000 20.4693 -320.0000
259.3349 20.4500 -320.0000
259.3500 20.4420 -320.0000
259.4000 20.4182 -320.0000
259.4459 20.4000 -320.0000
259.4500 20.3984 -320.0000
259.5000 20.3819 -320.0000
259.5500 20.3690 -320.0000
259.6000 20.3593 -320.0000
259.6500 20.3527 -320.0000
259.6828 20.3500 -320.0000
259.7000 20.3486 -320.0000
259.7500 20.3467 -320.0000
259.8000 20.3469 -320.0000
259.8500 20.3486 -320.0000
259.8742 20.3500 -320.0000
259.9000 20.3515 -320.0000
259.9500 20.3549 -320.0000
260.0000 20.3586 -320.0000
260.0500 20.3620 -320.0000
260.1000 20.3648 -320.0000
260.1500 20.3664 -320.0000
260.2000 20.3666 -320.0000
260.2500 20.3651 -320.0000
260.3000 20.3618 -320.0000
260.3500 20.3567 -320.0000
260.3979 20.3500 -320.0000
260.4000 20.3497 -320.0000
260.4500 20.3408 -320.0000
260.5000 20.3303 -320.0000
260.5500 20.3183 -320.0000
260.6000 20.3050 -320.0000
260.6176 20.3000 -320.0000
260.6500 20.2905 -320.0000
260.7000 20.2748 -320.0000
260.7500 20.2581 -320.0000
260.7734 20.2500 -320.0000
260.8000 20.2406 -320.0000
260.8500 20.2223 -320.0000
260.9000 20.2033 -320.0000
260.9085 20.2000 -320.0000
260.9500 20.1838 -320.0000
261.0000 20.1639 -320.0000
261.0341 20.1500 -320.0000
261.0500 20.1436 -320.0000
261.1000 20.1232 -320.0000
261.1500 20.1026 -320.0000
261.1563 20.1000 -320.0000
261.2000 20.0823 -320.0000
261.2500 20.0620 -320.0000
261.2798 20.0500 -320.0000
261.3000 20.0420 -320.0000
261.3500 20.0224 -320.0000
261.4000 20.0028 -320.0000
261.4072 20.0000 -320.0000
261.4500 19.9837 -320.0000
261.5000 19.9646 -320.0000
261.5379 19.9500 -320.0000
261.5500 19.9455 -320.0000
261.6000 19.9264 -320.0000
261.6500 19.9069 -320.0000
261.6671 19.9000 -320.0000
261.7000 19.8872 -320.0000
261.7500 19.8671 -320.0000
261.7912 19.8500 -320.0000
261.8000 19.8465 -320.0000
261.8500 19.8257 -320.0000
261.9000 19.8044 -320.0000
261.9101 19.8000 -320.0000
261.9500 19.7830 -320.0000
262.0000 19.7613 -320.0000
262.0255 19.7500 -320.0000
262.0500 19.7394 -320.0000
262.1000 19.7175 -320.0000
262.1393 19.7000 -320.0000
262.1500 19.6953 -320.0000
262.2000 19.6733 -320.0000
262.2500 19.6512 -320.0000
262.2528 19.6500 -320.0000
262.3000 19.6295 -320.0000
262.3500 19.6081 -320.0000
262.3691 19.6000 -320.0000
262.4000 19.5873 -320.0000
262.4500 19.5674 -320.0000
262.4959 19.5500 -320.0000
262.5000 19.5485 -320.0000
262.5500 19.5310 -320.0000
262.6000 19.5151 -320.0000
262.6500 19.5006 -320.0000
262.6525 19.5000 -320.0000
262.7000 19.4879 -320.0000
262.7500 19.4768 -320.0000
262.8000 19.4673 -320.0000
262.8500 19.4592 -320.0000
262.9000 19.4525 -320.0000
262.9229 19.4500 -320.0000
262.9500 19.4470 -320.0000
263.0000 19.4426 -320.0000
263.0500 19.4394 -320.0000
263.1000 19.4373 -320.0000
263.1500 19.4364 -320.0000
263.2000 19.4368 -320.0000
263.2500 19.4389 -320.0000
263.3000 19.4427 -320.0000
263.3500 19.4486 -320.0000
