259.1000 20.4089 -260.0000
259.1156 20.4000 -260.0000
259.1500 20.3811 -260.0000
259.2000 20.3545 -260.0000
259.2087 20.3500 -260.0000
259.2500 20.3294 -260.0000
259.3000 20.3068 -260.0000
259.3164 20.3000 -260.0000
259.3500 20.2864 -260.0000
259.4000 20.2685 -260.0000
259.4500 20.2535 -260.0000
259.4636 20.2500 -260.0000
259.5000 20.2406 -260.0000
259.5500 20.2300 -260.0000
259.6000 20.2216 -260.0000
259.6500 20.2153 -260.0000
259.7000 20.2107 -260.0000
259.7500 20.2076 -260.0000
259.8000 20.2056 -260.0000
259.8500 20.2043 -260.0000
259.9000 20.2034 -260.0000
259.9500 20.2024 -260.0000
260.0000 20.2010 -260.0000
260.0235 20.2000 -260.0000
260.0500 20.1987 -260.0000
260.1000 20.1951 -260.0000
260.1500 20.1900 -260.0000
260.2000 20.1832 -260.0000
260.2500 20.1747 -260.0000
260.3000 20.1644 -260.0000
260.3500 20.1526 -260.0000
260.3598 20.1500 -260.0000
260.4000 20.1390 -260.0000
260.4500 20.1242 -260.0000
260.5000 20.1083 -260.0000
260.5249 20.1000 -260.0000
260.5500 20.0914 -260.0000
260.6000 20.0736 -260.0000
260.6500 20.0552 -260.0000
260.6638 20.0500 -260.0000
260.7000 20.0361 -260.0000
260.7500 20.0165 -260.0000
260.7913 20.0000 -260.0000
260.8000 19.9965 -260.0000
260.8500 19.9761 -260.0000
260.9000 19.9556 -260.0000
260.9134 19.9500 -260.0000
260.9500 19.9349 -260.0000
261.0000 19.9142 -260.0000
261.0345 19.9000 -260.0000
261.0500 19.8936 -260.0000
261.1000 19.8733 -260.0000
261.1500 19.8532 -260.0000
261.1581 19.8500 -260.0000
261.2000 19.8335 -260.0000
261.2500 19.8141 -260.0000
261.2871 19.8000 -260.0000
261.3000 19.7951 -260.0000
261.3500 19.7765 -260.0000
261.4000 19.7582 -260.0000
261.4224 19.7500 -260.0000
261.4500 19.7400 -260.0000
261.5000 19.7220 -260.0000
261.5500 19.7041 -260.0000
261.5613 19.7000 -260.0000
261.6000 19.6861 -260.0000
261.6500 19.6679 -260.0000
261.6989 19.6500 -260.0000
261.7000 19.6496 -260.0000
261.7500 19.6310 -260.0000
261.8000 19.6122 -260.0000
261.8321 19.6000 -260.0000
261.8500 19.5932 -260.0000
261.9000 19.5740 -260.0000
261.9500 19.5546 -260.0000
261.9618 19.5500 -260.0000
262.0000 19.5350 -260.0000
262.0500 19.5154 -260.0000
262.0891 19.5000 -260.0000
262.1000 19.4957 -260.0000
262.1500 19.4759 -260.0000
262.2000 19.4563 -260.0000
262.2161 19.4500 -260.0000
262.2500 19.4367 -260.0000
262.3000 19.4175 -260.0000
262.3472 19.4000 -260.0000
262.3500 19.3989 -260.0000
262.4000 19.3808 -260.0000
262.4500 19.3637 -260.0000
262.4926 19.3500 -260.0000
262.5000 19.3476 -260.0000
262.5500 19.3325 -260.0000
262.6000 19.3187 -260.0000
262.6500 19.3063 -260.0000
262.6788 19.3000 -260.0000
262.7000 19.2952 -260.0000
262.7500 19.2852 -260.0000
262.8000 19.2764 -260.0000
262.8500 19.2688 -260.0000
262.9000 19.2622 -260.0000
262.9500 19.2564 -260.0000
263.0000 19.2515 -260.0000
263.0181 19.2500 -260.0000
263.0500 19.2471 -260.0000
263.1000 19.2434 -260.0000
263.1500 19.2404 -260.0000
263.2000 19.2381 -260.0000
263.2500 19.2367 -260.0000
263.3000 19.2363 -260.0000
263.3500 19.2371 -260.0000
263.4000 19.2393 -260.0000
263.4500 19.2433 -260.0000
267.5953 16.9000 -260.0000
267.6000 16.8928 -260.0000
267.6272 16.8500 -260.0000
267.6500 16.8140 -260.0000
267.6586 16.8000 -260.0000
267.6891 16.7500 -260.0000
267.7000 16.7321 -260.0000
267.7190 16.7000 -260.0000
267.7490 16.6500 -260.0000
267.7500 16.6483 -260.0000
267.7789 16.6000 -260.0000
267.8000 16.5657 -260.0000
267.8097 16.5500 -260.0000
267.8415 16.5000 -260.0000
267.8500 16.4873 -260.0000
267.8750 16.4500 -260.0000
267.9000 16.4148 -260.0000
267.9106 16.4000 -260.0000
267.9486 16.3500 -260.0000
267.9500 16.3483 -260.0000
267.9893 16.3000 -260.0000
268.0000 16.2876 -260.0000
268.0329 16.2500 -260.0000
268.0500 16.2314 -260.0000
268.0794 16.2000 -260.0000
268.1000 16.1788 -260.0000
268.1285 16.1500 -260.0000
268.1500 16.1289 -260.0000
268.1799 16.1000 -260.0000
268.2000 16.0811 -260.0000
268.2333 16.0500 -260.0000
268.2500 16.0347 -260.0000
268.2880 16.0000 -260.0000
268.3000 15.9892 -260.0000
268.3437 15.9500 -260.0000
268.3500 15.9444 -260.0000
268.4000 15.9002 -260.0000
268.4002 15.9000 -260.0000
268.4500 15.8565 -260.0000
268.4574 15.8500 -260.0000
268.5000 15.8134 -260.0000
268.5156 15.8000 -260.0000
268.5500 15.7712 -260.0000
268.5754 15.7500 -260.0000
268.6000 15.7299 -260.0000
268.6370 15.7000 -260.0000
268.6500 15.6897 -260.0000
268.7000 15.6509 -260.0000
268.7012 15.6500 -260.0000
268.7500 15.6134 -260.0000
268.7684 15.6000 -260.0000
268.8000 15.5772 -260.0000
268.8392 15.5500 -260.0000
268.8500 15.5425 -260.0000
268.9000 15.5090 -260.0000
268.9139 15.5000 -260.0000
268.9500 15.4765 -260.0000
268.9923 15.4500 -260.0000
269.0000 15.4452 -260.0000
269.0500 15.4144 -260.0000
269.0739 15.4000 -260.0000
269.1000 15.3842 -260.0000
269.1500 15.3544 -260.0000
269.1576 15.3500 -260.0000
269.2000 15.3247 -260.0000
269.2422 15.3000 -260.0000
269.2500 15.2954 -260.0000
269.3000 15.2661 -260.0000
269.3279 15.2500 -260.0000
269.3500 15.2371 -260.0000
269.4000 15.2086 -260.0000
269.4155 15.2000 -260.0000
269.4500 15.1807 -260.0000
269.5000 15.1536 -260.0000
269.5069 15.1500 -260.0000
269.5500 15.1273 -260.0000
269.6000 15.1020 -260.0000
269.6040 15.1000 -260.0000
269.6500 15.0775 -260.0000
269.7000 15.0538 -260.0000
269.7082 15.0500 -260.0000
269.7500 15.0307 -260.0000
269.8000 15.0083 -260.0000
269.8187 15.0000 -260.0000
269.8500 14.9861 -260.0000
269.9000 14.9643 -260.0000
269.9328 14.9500 -260.0000
269.9500 14.9425 -260.0000
270.0000 14.9207 -260.0000
270.0476 14.9000 -260.0000
270.0500 14.8989 -260.0000
270.1000 14.8769 -260.0000
270.1500 14.8547 -260.0000
270.1606 14.8500 -260.0000
270.2000 14.8323 -260.0000
270.2500 14.8098 -260.0000
270.2718 14.8000 -260.0000
270.3000 14.7872 -260.0000
270.3500 14.7645 -260.0000
270.3823 14.7500 -260.0000
270.4000 14.7420 -260.0000
270.4500 14.7194 -260.0000
270.4939 14.7000 -260.0000
270.5000 14.6973 -260.0000
270.5500 14.6752 -260.0000
270.6000 14.6537 -260.0000
270.6088 14.6500 -260.0000
270.6500 14.6325 -260.0000
270.7000 14.6119 -260.0000
270.7298 14.6000 -260.0000
270.7500 14.5919 -260.0000
270.8000 14.5724 -260.0000
270.8500 14.5537 -260.0000
270.8601 14.5500 -260.0000
270.9000 14.5353 -260.0000
270.9500 14.5174 -260.0000
270.9997 14.5000 -260.0000
271.0000 14.4999 -260.0000
271.0500 14.4820 -260.0000
271.1000 14.4640 -260.0000
271.1378 14.4500 -260.0000
271.1500 14.4453 -260.0000
271.2000 14.4255 -260.0000
271.2500 14.4045 -260.0000
271.2603 14.4000 -260.0000
271.3000 14.3818 -260.0000
271.3500 14.3577 -260.0000
271.3652 14.3500 -260.0000
271.4000 14.3319 -260.0000
271.4500 14.3049 -260.0000
271.4588 14.3000 -260.0000
271.5000 14.2766 -260.0000
271.5466 14.2500 -260.0000
271.5500 14.2480 -260.0000
271.6000 14.2189 -260.0000
271.6329 14.2000 -260.0000
271.6500 14.1901 -260.0000
271.7000 14.1615 -260.0000
271.7205 14.1500 -260.0000
271.7500 14.1334 -260.0000
271.8000 14.1058 -260.0000
271.8108 14.1000 -260.0000
271.8500 14.0788 -260.0000
271.9000 14.0525 -260.0000
271.9048 14.0500 -260.0000
271.9500 14.0268 -260.0000
272.0000 14.0020 -260.0000
272.0043 14.0000 -260.0000
272.0500 13.9781 -260.0000
272.1000 13.9552 -260.0000
272.1117 13.9500 -260.0000
272.1500 13.9330 -260.0000
272.2000 13.9116 -260.0000
272.2279 13.9000 -260.0000
272.2500 13.8907 -260.0000
272.3000 13.8698 -260.0000
272.3468 13.8500 -260.0000
272.3500 13.8486 -260.0000
272.4000 13.8265 -260.0000
272.4563 13.8000 -260.0000
272.5000 13.7777 -260.0000
272.5500 13.7500 -260.0000
272.5500 13.7500 -260.0000
272.6000 13.7191 -260.0000
272.6283 13.7000 -260.0000
272.6500 13.6849 -260.0000
272.6964 13.6500 -260.0000
272.7000 13.6472 -260.0000
273.6493 12.6500 -260.0000
273.6500 12.6493 -260.0000
273.6995 12.6000 -260.0000
273.7000 12.5996 -260.0000
273.9759 12.3500 -260.0000
274.0000 12.3285 -260.0000
274.0314 12.3000 -260.0000
274.0500 12.2830 -260.0000
274.0855 12.2500 -260.0000
274.1000 12.2364 -260.0000
274.1382 12.2000 -260.0000
274.1500 12.1887 -260.0000
274.1897 12.1500 -260.0000
274.2000 12.1400 -260.0000
274.2407 12.1000 -260.0000
274.2500 12.0909 -260.0000
274.2919 12.0500 -260.0000
274.3000 12.0422 -260.0000
274.3442 12.0000 -260.0000
274.3500 11.9946 -260.0000
274.3986 11.9500 -260.0000
274.4000 11.9487 -260.0000
