255.3078 20.9000 -80.0000
255.3424 20.8500 -80.0000
255.3500 20.8391 -80.0000
255.3771 20.8000 -80.0000
255.4000 20.7673 -80.0000
255.4120 20.7500 -80.0000
255.4467 20.7000 -80.0000
255.4500 20.6952 -80.0000
255.4803 20.6500 -80.0000
255.5000 20.6208 -80.0000
255.5135 20.6000 -80.0000
255.5456 20.5500 -80.0000
255.5500 20.5431 -80.0000
255.5759 20.5000 -80.0000
255.6000 20.4592 -80.0000
255.6052 20.4500 -80.0000
255.6321 20.4000 -80.0000
255.6500 20.3660 -80.0000
255.6579 20.3500 -80.0000
255.6814 20.3000 -80.0000
255.7000 20.2593 -80.0000
255.7040 20.2500 -80.0000
255.7242 20.2000 -80.0000
255.7438 20.1500 -80.0000
255.7500 20.1337 -80.0000
255.7619 20.1000 -80.0000
255.7793 20.0500 -80.0000
255.7969 20.0000 -80.0000
255.8000 19.9912 -80.0000
255.8137 19.9500 -80.0000
255.8312 19.9000 -80.0000
255.8500 19.8507 -80.0000
255.8503 19.8500 -80.0000
255.8695 19.8000 -80.0000
255.8913 19.7500 -80.0000
255.9000 19.7319 -80.0000
255.9148 19.7000 -80.0000
255.9410 19.6500 -80.0000
255.9500 19.6345 -80.0000
255.9696 19.6000 -80.0000
256.0000 19.5528 -80.0000
256.0018 19.5500 -80.0000
256.0365 19.5000 -80.0000
256.0500 19.4825 -80.0000
256.0749 19.4500 -80.0000
256.1000 19.4201 -80.0000
256.1171 19.4000 -80.0000
256.1500 19.3641 -80.0000
256.1632 19.3500 -80.0000
256.2000 19.3134 -80.0000
256.2138 19.3000 -80.0000
256.2500 19.2671 -80.0000
256.2695 19.2500 -80.0000
256.3000 19.2247 -80.0000
256.3312 19.2000 -80.0000
256.3500 19.1857 -80.0000
256.3999 19.1500 -80.0000
256.4000 19.1500 -80.0000
256.4500 19.1173 -80.0000
256.4784 19.1000 -80.0000
256.5000 19.0872 -80.0000
256.5500 19.0598 -80.0000
256.5694 19.0500 -80.0000
256.6000 19.0348 -80.0000
256.6500 19.0119 -80.0000
256.6784 19.0000 -80.0000
256.7000 18.9910 -80.0000
256.7500 18.9719 -80.0000
256.8000 18.9544 -80.0000
256.8137 18.9500 -80.0000
256.8500 18.9383 -80.0000
256.9000 18.9234 -80.0000
256.9500 18.9094 -80.0000
256.9863 18.9000 -80.0000
257.0000 18.8964 -80.0000
257.0500 18.8842 -80.0000
257.1000 18.8727 -80.0000
257.1500 18.8619 -80.0000
257.2000 18.8517 -80.0000
257.2088 18.8500 -80.0000
257.2500 18.8421 -80.0000
257.3000 18.8332 -80.0000
257.3500 18.8248 -80.0000
257.4000 18.8170 -80.0000
257.4500 18.8098 -80.0000
257.5000 18.8031 -80.0000
257.5250 18.8000 -80.0000
257.5500 18.7969 -80.0000
257.6000 18.7913 -80.0000
257.6500 18.7862 -80.0000
257.7000 18.7816 -80.0000
257.7500 18.7776 -80.0000
257.8000 18.7742 -80.0000
257.8500 18.7715 -80.0000
257.9000 18.7698 -80.0000
257.9500 18.7690 -80.0000
258.0000 18.7695 -80.0000
258.0500 18.7714 -80.0000
258.1000 18.7749 -80.0000
258.1500 18.7802 -80.0000
258.2000 18.7874 -80.0000
258.2500 18.7968 -80.0000
258.2636 18.8000 -80.0000
258.3000 18.8085 -80.0000
258.3500 18.8225 -80.0000
258.4000 18.8390 -80.0000
258.4292 18.8500 -80.0000
258.4500 18.8578 -80.0000
258.5000 18.8787 -80.0000
258.5457 18.9000 -80.0000
258.5500 18.9020 -80.0000
258.6000 18.9270 -80.0000
258.6417 18.9500 -80.0000
258.6500 18.9545 -80.0000
258.7000 18.9839 -80.0000
258.7251 19.0000 -80.0000
258.7500 19.0159 -80.0000
258.7988 19.0500 -80.0000
258.8000 19.0508 -80.0000
258.8500 19.0890 -80.0000
258.8631 19.1000 -80.0000
258.9000 19.1311 -80.0000
258.9206 19.1500 -80.0000
258.9500 19.1771 -80.0000
258.9732 19.2000 -80.0000
259.0000 19.2263 -80.0000
259.0231 19.2500 -80.0000
259.0500 19.2768 -80.0000
259.0730 19.3000 -80.0000
259.1000 19.3256 -80.0000
259.1265 19.3500 -80.0000
259.1500 19.3696 -80.0000
259.1893 19.4000 -80.0000
259.2000 19.4073 -80.0000
259.2500 19.4370 -80.0000
259.2766 19.4500 -80.0000
259.3000 19.4598 -80.0000
259.3500 19.4758 -80.0000
259.4000 19.4866 -80.0000
259.4500 19.4926 -80.0000
259.5000 19.4942 -80.0000
259.5500 19.4921 -80.0000
259.6000 19.4869 -80.0000
259.6500 19.4793 -80.0000
259.7000 19.4698 -80.0000
259.7500 19.4590 -80.0000
259.7882 19.4500 -80.0000
259.8000 19.4470 -80.0000
259.8500 19.4333 -80.0000
259.9000 19.4192 -80.0000
259.9500 19.4047 -80.0000
259.9655 19.4000 -80.0000
260.0000 19.3888 -80.0000
260.0500 19.3719 -80.0000
260.1000 19.3545 -80.0000
260.1122 19.3500 -80.0000
260.1500 19.3351 -80.0000
260.2000 19.3147 -80.0000
260.2348 19.3000 -80.0000
260.2500 19.2931 -80.0000
260.3000 19.2699 -80.0000
260.3432 19.2500 -80.0000
260.3500 19.2466 -80.0000
260.4000 19.2219 -80.0000
260.4464 19.2000 -80.0000
260.4500 19.1982 -80.0000
260.5000 19.1739 -80.0000
260.5500 19.1516 -80.0000
260.5538 19.1500 -80.0000
260.6000 19.1295 -80.0000
260.6500 19.1095 -80.0000
260.6762 19.1000 -80.0000
260.7000 19.0909 -80.0000
260.7500 19.0733 -80.0000
260.8000 19.0573 -80.0000
260.8242 19.0500 -80.0000
260.8500 19.0418 -80.0000
260.9000 19.0263 -80.0000
260.9500 19.0112 -80.0000
260.9869 19.0000 -80.0000
261.0000 18.9958 -80.0000
261.0500 18.9790 -80.0000
261.1000 18.9620 -80.0000
261.1341 18.9500 -80.0000
261.1500 18.9441 -80.0000
261.2000 18.9248 -80.0000
261.2500 18.9054 -80.0000
261.2639 18.9000 -80.0000
261.3000 18.8850 -80.0000
261.3500 18.8646 -80.0000
261.3866 18.8500 -80.0000
261.4000 18.8444 -80.0000
261.4500 18.8238 -80.0000
261.5000 18.8041 -80.0000
261.5106 18.8000 -80.0000
261.5500 18.7840 -80.0000
261.6000 18.7645 -80.0000
261.6384 18.7500 -80.0000
261.6500 18.7454 -80.0000
261.7000 18.7256 -80.0000
261.7500 18.7064 -80.0000
261.7669 18.7000 -80.0000
261.8000 18.6866 -80.0000
261.8500 18.6666 -80.0000
261.8924 18.6500 -80.0000
261.9000 18.6468 -80.0000
261.9500 18.6259 -80.0000
262.0000 18.6055 -80.0000
262.0135 18.6000 -80.0000
262.0500 18.5841 -80.0000
262.1000 18.5628 -80.0000
262.1306 18.5500 -80.0000
262.1500 18.5412 -80.0000
262.2000 18.5190 -80.0000
262.2440 18.5000 -80.0000
262.2500 18.4972 -80.0000
262.3000 18.4740 -80.0000
262.3500 18.4517 -80.0000
262.3539 18.4500 -80.0000
262.4000 18.4279 -80.0000
262.4500 18.4048 -80.0000
262.4604 18.4000 -80.0000
262.5000 18.3803 -80.0000
262.5500 18.3560 -80.0000
262.5623 18.3500 -80.0000
262.6000 18.3300 -80.0000
262.6500 18.3037 -80.0000
262.6569 18.3000 -80.0000
262.7000 18.2748 -80.0000
262.7423 18.2500 -80.0000
262.7500 18.2450 -80.0000
262.8000 18.2123 -80.0000
262.8186 18.2000 -80.0000
262.8500 18.1771 -80.0000
262.8874 18.1500 -80.0000
262.9000 18.1399 -80.0000
262.9500 18.1002 -80.0000
262.9503 18.1000 -80.0000
263.0000 18.0571 -80.0000
263.0085 18.0500 -80.0000
263.0500 18.0115 -80.0000
263.0630 18.0000 -80.0000
263.1000 17.9633 -80.0000
263.1140 17.9500 -80.0000
263.1500 17.9118 -80.0000
263.1615 17.9000 -80.0000
263.2000 17.8558 -80.0000
263.2053 17.8500 -80.0000
263.2452 17.8000 -80.0000
263.2500 17.7931 -80.0000
263.2814 17.7500 -80.0000
263.3000 17.7213 -80.0000
263.3144 17.7000 -80.0000
263.3447 17.6500 -80.0000
263.3500 17.6405 -80.0000
263.3738 17.6000 -80.0000
263.4000 17.5536 -80.0000
263.4022 17.5500 -80.0000
263.4321 17.5000 -80.0000
263.4500 17.4711 -80.0000
263.4646 17.4500 -80.0000
263.5000 17.4028 -80.0000
263.5024 17.4000 -80.0000
263.5500 17.3500 -80.0000
263.5500 17.3500 -80.0000
263.6000 17.3103 -80.0000
263.6157 17.3000 -80.0000
263.6500 17.2799 -80.0000
263.7000 17.2561 -80.0000
263.7155 17.2500 -80.0000
263.7500 17.2375 -80.0000
263.8000 17.2223 -80.0000
263.8500 17.2093 -80.0000
263.8909 17.2000 -80.0000
263.9000 17.1980 -80.0000
263.9500 17.1879 -80.0000
264.0000 17.1785 -80.0000
264.0500 17.1697 -80.0000
264.1000 17.1614 -80.0000
264.1500 17.1536 -80.0000
264.1741 17.1500 -80.0000
264.2000 17.1461 -80.0000
264.2500 17.1390 -80.0000
264.3000 17.1322 -80.0000
264.3500 17.1257 -80.0000
264.4000 17.1193 -80.0000
264.4500 17.1129 -80.0000
264.5000 17.1064 -80.0000
264.5467 17.1000 -80.0000
264.5500 17.0995 -80.0000
264.6000 17.0920 -80.0000
264.6500 17.0837 -80.0000
264.7000 17.0745 -80.0000
264.7500 17.0643 -80.0000
264.8000 17.0530 -80.0000
264.8119 17.0500 -80.0000
264.8500 17.0401 -80.0000
264.9000 17.0258 -80.0000
264.9500 17.0102 -80.0000
264.9801 17.0000 -80.0000
265.0000 16.9930 -80.0000
265.0500 16.9741 -80.0000
265.1000 16.9539 -80.0000
265.1092 16.9500 -80.0000
265.1500 16.9319 -80.0000
265.2000 16.9087 -80.0000
265.2180 16.9000 -80.0000
265.2500 16.8840 -80.0000
265.3000 16.8581 -80.0000
265.3150 16.8500 -80.0000
265.3500 16.8306 -80.0000
265.4000 16.8022 -80.0000
265.4038 16.8000 -80.0000
265.4500 16.7721 -80.0000
265.4859 16.7500 -80.0000
265.5000 16.7410 -80.0000
265.5500 16.7084 -80.0000
265.5627 16.7000 -80.0000
265.6000 16.6744 -80.0000
265.6349 16.6500 -80.0000
265.6500 16.6391 -80.0000
265.7000 16.6026 -80.0000
265.7034 16.6000 -80.0000
265.7500 16.5645 -80.0000
265.7688 16.5500 -80.0000
265.8000 16.5256 -80.0000
265.8327 16.5000 -80.0000
265.8500 16.4863 -80.0000
265.8965 16.4500 -80.0000
265.9000 16.4472 -80.0000
265.9500 16.4090 -80.0000
265.9621 16.4000 -80.0000
266.0000 16.3726 -80.0000
266.0329 16.3500 -80.0000
266.0500 16.3387 -80.0000
266.1000 16.3077 -80.0000
266.1131 16.3000 -80.0000
266.1500 16.2795 -80.0000
266.2000 16.2539 -80.0000
266.2080 16.2500 -80.0000
266.2500 16.2305 -80.0000
266.3000 16.2086 -80.0000
266.3201 16.2000 -80.0000
266.3500 16.1877 -80.0000
266.4000 16.1672 -80.0000
266.4416 16.1500 -80.0000
266.4500 16.1466 -80.0000
266.5000 16.1253 -80.0000
266.5500 16.1034 -80.0000
266.5572 16.1000 -80.0000
266.6000 16.0799 -80.0000
266.6500 16.0554 -80.0000
266.6602 16.0500 -80.0000
266.7000 16.0289 -80.0000
266.7500 16.0013 -80.0000
266.7521 16.0000 -80.0000
266.8000 15.9713 -80.0000
266.8341 15.9500 -80.0000
266.8500 15.9399 -80.0000
266.9000 15.9067 -80.0000
266.9097 15.9000 -80.0000
266.9500 15.8715 -80.0000
266.9794 15.8500 -80.0000
267.0000 15.8346 -80.0000
267.0452 15.8000 -80.0000
267.0500 15.7962 -80.0000
267.1000 15.7557 -80.0000
267.1069 15.7500 -80.0000
267.1500 15.7134 -80.0000
267.1655 15.7000 -80.0000
267.2000 15.6695 -80.0000
267.2217 15.6500 -80.0000
267.2500 15.6242 -80.0000
267.2762 15.6000 -80.0000
267.3000 15.5777 -80.0000
267.3294 15.5500 -80.0000
267.3500 15.5305 -80.0000
267.3821 15.5000 -80.0000
267.4000 15.4830 -80.0000
267.4347 15.4500 -80.0000
267.4500 15.4355 -80.0000
267.4878 15.4000 -80.0000
267.5000 15.3886 -80.0000
267.5417 15.3500 -80.0000
267.5500 15.3424 -80.0000
267.5970 15.3000 -80.0000
267.6000 15.2973 -80.0000
267.6500 15.2531 -80.0000
267.6536 15.2500 -80.0000
267.7000 15.2100 -80.0000
267.7119 15.2000 -80.0000
267.7500 15.1683 -80.0000
267.7726 15.1500 -80.0000
267.8000 15.1280 -80.0000
267.8359 15.1000 -80.0000
267.8500 15.0891 -80.0000
267.9000 15.0517 -80.0000
267.9023 15.0500 -80.0000
267.9500 15.0152 -80.0000
267.9715 15.0000 -80.0000
268.0000 14.9800 -80.0000
268.0442 14.9500 -80.0000
268.0500 14.9461 -80.0000
268.1000 14.9128 -80.0000
268.1197 14.9000 -80.0000
268.1500 14.8804 -80.0000
268.1986 14.8500 -80.0000
268.2000 14.8491 -80.0000
268.2500 14.8178 -80.0000
268.2795 14.8000 -80.0000
268.3000 14.7875 -80.0000
268.3500 14.7578 -80.0000
268.3634 14.7500 -80.0000
268.4000 14.7283 -80.0000
268.4497 14.7000 -80.0000
268.4500 14.6998 -80.0000
268.5000 14.6709 -80.0000
268.5378 14.6500 -80.0000
268.5500 14.6430 -80.0000
268.6000 14.6151 -80.0000
268.6281 14.6000 -80.0000
268.6500 14.5878 -80.0000
268.7000 14.5609 -80.0000
268.7209 14.5500 -80.0000
268.7500 14.5343 -80.0000
268.8000 14.5085 -80.0000
268.8172 14.5000 -80.0000
268.8500 14.4831 -80.0000
268.9000 14.4587 -80.0000
268.9185 14.4500 -80.0000
268.9500 14.4347 -80.0000
269.0000 14.4117 -80.0000
269.0265 14.4000 -80.0000
269.0500 14.3892 -80.0000
269.1000 14.3672 -80.0000
269.1413 14.3500 -80.0000
269.1500 14.3462 -80.0000
269.2000 14.3246 -80.0000
269.2500 14.3040 -80.0000
269.2599 14.3000 -80.0000
269.3000 14.2827 -80.0000
269.3500 14.2617 -80.0000
269.3784 14.2500 -80.0000
269.4000 14.2406 -80.0000
269.4500 14.2190 -80.0000
269.4953 14.2000 -80.0000
269.5000 14.1979 -80.0000
269.5500 14.1756 -80.0000
269.6000 14.1542 -80.0000
269.6098 14.1500 -80.0000
269.6500 14.1319 -80.0000
269.7000 14.1100 -80.0000
269.7232 14.1000 -80.0000
269.7500 14.0879 -80.0000
269.8000 14.0657 -80.0000
269.8361 14.0500 -80.0000
269.8500 14.0437 -80.0000
269.9000 14.0210 -80.0000
269.9476 14.0000 -80.0000
269.9500 13.9989 -80.0000
270.0000 13.9755 -80.0000
270.0500 13.9528 -80.0000
270.0562 13.9500 -80.0000
270.1000 13.9289 -80.0000
270.1500 13.9053 -80.0000
270.1612 13.9000 -80.0000
270.2000 13.8807 -80.0000
270.2500 13.8564 -80.0000
270.2631 13.8500 -80.0000
270.3000 13.8313 -80.0000
270.3500 13.8066 -80.0000
270.3635 13.8000 -80.0000
270.4000 13.7815 -80.0000
270.4500 13.7570 -80.0000
270.4646 13.7500 -80.0000
270.5000 13.7324 -80.0000
270.5500 13.7085 -80.0000
270.5683 13.7000 -80.0000
270.6000 13.6847 -80.0000
270.6500 13.6614 -80.0000
270.6751 13.6500 -80.0000
270.7000 13.6383 -80.0000
270.7500 13.6153 -80.0000
270.7842 13.6000 -80.0000
270.8000 13.5927 -80.0000
270.8500 13.5697 -80.0000
270.8945 13.5500 -80.0000
270.9000 13.5475 -80.0000
270.9500 13.5245 -80.0000
271.0000 13.5025 -80.0000
271.0057 13.5000 -80.0000
271.0500 13.4799 -80.0000
271.1000 13.4582 -80.0000
271.1195 13.4500 -80.0000
271.1500 13.4365 -80.0000
271.2000 13.4153 -80.0000
271.2375 13.4000 -80.0000
271.2500 13.3946 -80.0000
271.3000 13.3735 -80.0000
271.3500 13.3532 -80.0000
271.3579 13.3500 -80.0000
271.4000 13.3318 -80.0000
271.4500 13.3107 -80.0000
271.4755 13.3000 -80.0000
271.5000 13.2890 -80.0000
271.5500 13.2665 -80.0000
271.5868 13.2500 -80.0000
271.6000 13.2437 -80.0000
271.6500 13.2195 -80.0000
271.6905 13.2000 -80.0000
271.7000 13.1952 -80.0000
271.7500 13.1694 -80.0000
271.7880 13.1500 -80.0000
271.8000 13.1435 -80.0000
271.8500 13.1165 -80.0000
271.8808 13.1000 -80.0000
271.9000 13.0892 -80.0000
271.9500 13.0612 -80.0000
271.9700 13.0500 -80.0000
272.0000 13.0325 -80.0000
272.0500 13.0037 -80.0000
272.0563 13.0000 -80.0000
272.1000 12.9735 -80.0000
272.1393 12.9500 -80.0000
272.1500 12.9434 -80.0000
272.2000 12.9121 -80.0000
272.2193 12.9000 -80.0000
272.2500 12.8801 -80.0000
272.2969 12.8500 -80.0000
272.3000 12.8480 -80.0000
272.3500 12.8144 -80.0000
272.3717 12.8000 -80.0000
272.4000 12.7806 -80.0000
272.4454 12.7500 -80.0000
272.4500 12.7468 -80.0000
272.5000 12.7121 -80.0000
272.5177 12.7000 -80.0000
272.5500 12.6775 -80.0000
272.5901 12.6500 -80.0000
272.6000 12.6431 -80.0000
272.6500 12.6084 -80.0000
272.6621 12.6000 -80.0000
272.7000 12.5734 -80.0000
272.7338 12.5500 -80.0000
272.7500 12.5386 -80.0000
272.8000 12.5035 -80.0000
272.8050 12.5000 -80.0000
272.8500 12.4674 -80.0000
272.8741 12.4500 -80.0000
272.9000 12.4310 -80.0000
272.9419 12.4000 -80.0000
272.9500 12.3939 -80.0000
273.0000 12.3557 -80.0000
273.0072 12.3500 -80.0000
273.0500 12.3161 -80.0000
273.0701 12.3000 -80.0000
273.1000 12.2757 -80.0000
273.1313 12.2500 -80.0000
273.1500 12.2345 -80.0000
273.1911 12.2000 -80.0000
273.2000 12.1925 -80.0000
273.2498 12.1500 -80.0000
273.2500 12.1498 -80.0000
273.3000 12.1061 -80.0000
273.3070 12.1000 -80.0000
273.3500 12.0621 -80.0000
273.3638 12.0500 -80.0000
273.4000 12.0178 -80.0000
273.4202 12.0000 -80.0000
273.4500 11.9733 -80.0000
273.4764 11.9500 -80.0000
273.5000 11.9288 -80.0000
273.5324 11.9000 -80.0000
273.5500 11.8840 -80.0000
273.5879 11.8500 -80.0000
273.6000 11.8390 -80.0000
273.6429 11.8000 -80.0000
273.6500 11.7934 -80.0000
273.6967 11.7500 -80.0000
273.7000 11.7469 -80.0000
273.7492 11.7000 -80.0000
273.7500 11.6992 -80.0000
273.8000 11.6500 -80.0000
273.8000 11.6500 -80.0000
273.8492 11.6000 -80.0000
273.8500 11.5992 -80.0000
273.8970 11.5500 -80.0000
273.9000 11.5469 -80.0000
273.9438 11.5000 -80.0000
273.9500 11.4934 -80.0000
273.9902 11.4500 -80.0000
274.0000 11.4394 -80.0000
274.0366 11.4000 -80.0000
274.0500 11.3857 -80.0000
274.0837 11.3500 -80.0000
274.1000 11.3329 -80.0000
274.1318 11.3000 -80.0000
274.1500 11.2813 -80.0000
274.1812 11.2500 -80.0000
274.2000 11.2313 -80.0000
274.2322 11.2000 -80.0000
274.2500 11.1828 -80.0000
274.2848 11.1500 -80.0000
274.3000 11.1357 -80.0000
274.3387 11.1000 -80.0000
274.3500 11.0896 -80.0000
274.3939 11.0500 -80.0000
274.4000 11.0445 -80.0000
274.4500 11.0002 -80.0000
274.4502 11.0000 -80.0000
274.5000 10.9564 -80.0000
274.5075 10.9500 -80.0000
274.5500 10.9136 -80.0000
274.5662 10.9000 -80.0000
274.6000 10.8718 -80.0000
274.6269 10.8500 -80.0000
274.6500 10.8313 -80.0000
274.6899 10.8000 -80.0000
274.7000 10.7921 -80.0000
274.7500 10.7539 -80.0000
274.7553 10.7500 -80.0000
274.8000 10.7164 -80.0000
274.8225 10.7000 -80.0000
274.8500 10.6798 -80.0000
274.8916 10.6500 -80.0000
274.9000 10.6439 -80.0000
274.9500 10.6080 -80.0000
274.9613 10.6000 -80.0000
275.0000 10.5720 -80.0000
275.0308 10.5500 -80.0000
275.0500 10.5360 -80.0000
275.1000 10.5000 -80.0000
275.1000 10.5000 -80.0000
275.1500 10.4627 -80.0000
275.1671 10.4500 -80.0000
275.2000 10.4249 -80.0000
275.2327 10.4000 -80.0000
275.2500 10.3865 -80.0000
275.2966 10.3500 -80.0000
275.3000 10.3473 -80.0000
275.3500 10.3066 -80.0000
275.3580 10.3000 -80.0000
275.4000 10.2648 -80.0000
275.4175 10.2500 -80.0000
275.4500 10.2221 -80.0000
275.4757 10.2000 -80.0000
275.5000 10.1789 -80.0000
275.5334 10.1500 -80.0000
275.5500 10.1355 -80.0000
275.5914 10.1000 -80.0000
275.6000 10.0926 -80.0000
275.6500 10.0507 -80.0000
275.6508 10.0500 -80.0000
275.7000 10.0100 -80.0000
275.7129 10.0000 -80.0000
275.7500 9.9714 -80.0000
275.7797 9.9500 -80.0000
275.8000 9.9353 -80.0000
275.8500 9.9019 -80.0000
275.8531 9.9000 -80.0000
275.9000 9.8705 -80.0000
275.9360 9.8500 -80.0000
275.9500 9.8419 -80.0000
276.0000 9.8151 -80.0000
276.0311 9.8000 -80.0000
276.0500 9.7905 -80.0000
276.1000 9.7670 -80.0000
276.1390 9.7500 -80.0000
276.1500 9.7449 -80.0000
276.2000 9.7227 -80.0000
276.2500 9.7011 -80.0000
276.2525 9.7000 -80.0000
276.3000 9.6776 -80.0000
276.3500 9.6536 -80.0000
276.3571 9.6500 -80.0000
276.4000 9.6264 -80.0000
276.4454 9.6000 -80.0000
276.4500 9.5971 -80.0000
276.5000 9.5633 -80.0000
276.5186 9.5500 -80.0000
276.5500 9.5255 -80.0000
276.5811 9.5000 -80.0000
276.6000 9.4834 -80.0000
276.6362 9.4500 -80.0000
276.6500 9.4365 -80.0000
276.6862 9.4000 -80.0000
276.7000 9.3855 -80.0000
276.7329 9.3500 -80.0000
276.7500 9.3312 -80.0000
276.7778 9.3000 -80.0000
276.8000 9.2749 -80.0000
276.8219 9.2500 -80.0000
276.8500 9.2184 -80.0000
276.8663 9.2000 -80.0000
276.9000 9.1629 -80.0000
276.9118 9.1500 -80.0000
276.9500 9.1096 -80.0000
276.9592 9.1000 -80.0000
277.0000 9.0593 -80.0000
277.0095 9.0500 -80.0000
277.0500 9.0122 -80.0000
277.0634 9.0000 -80.0000
277.1000 8.9682 -80.0000
