259.1500 20.5094 -300.0000
259.1637 20.5000 -300.0000
259.2000 20.4761 -300.0000
259.2419 20.4500 -300.0000
259.2500 20.4452 -300.0000
259.3000 20.4168 -300.0000
259.3334 20.4000 -300.0000
259.3500 20.3918 -300.0000
259.4000 20.3701 -300.0000
259.4500 20.3519 -300.0000
259.4562 20.3500 -300.0000
259.5000 20.3366 -300.0000
259.5500 20.3245 -300.0000
259.6000 20.3154 -300.0000
259.6500 20.3089 -300.0000
259.7000 20.3048 -300.0000
259.7500 20.3026 -300.0000
259.8000 20.3021 -300.0000
259.8500 20.3029 -300.0000
259.9000 20.3046 -300.0000
259.9500 20.3067 -300.0000
260.0000 20.3088 -300.0000
260.0500 20.3104 -300.0000
260.1000 20.3111 -300.0000
260.1500 20.3106 -300.0000
260.2000 20.3085 -300.0000
260.2500 20.3046 -300.0000
260.2906 20.3000 -300.0000
260.3000 20.2989 -300.0000
260.3500 20.2911 -300.0000
260.4000 20.2815 -300.0000
260.4500 20.2704 -300.0000
260.5000 20.2577 -300.0000
260.5280 20.2500 -300.0000
260.5500 20.2437 -300.0000
260.6000 20.2285 -300.0000
260.6500 20.2123 -300.0000
260.6860 20.2000 -300.0000
260.7000 20.1951 -300.0000
260.7500 20.1772 -300.0000
260.8000 20.1585 -300.0000
260.8220 20.1500 -300.0000
260.8500 20.1392 -300.0000
260.9000 20.1194 -300.0000
260.9478 20.1000 -300.0000
260.9500 20.0991 -300.0000
261.0000 20.0787 -300.0000
261.0500 20.0581 -300.0000
261.0695 20.0500 -300.0000
261.1000 20.0375 -300.0000
261.1500 20.0170 -300.0000
261.1915 20.0000 -300.0000
261.2000 19.9966 -300.0000
261.2500 19.9767 -300.0000
261.3000 19.9569 -300.0000
261.3177 19.9500 -300.0000
261.3500 19.9376 -300.0000
261.4000 19.9187 -300.0000
261.4495 19.9000 -300.0000
261.4500 19.8998 -300.0000
261.5000 19.8813 -300.0000
261.5500 19.8628 -300.0000
261.5839 19.8500 -300.0000
261.6000 19.8441 -300.0000
261.6500 19.8253 -300.0000
261.7000 19.8061 -300.0000
261.7156 19.8000 -300.0000
261.7500 19.7867 -300.0000
261.8000 19.7670 -300.0000
261.8421 19.7500 -300.0000
261.8500 19.7469 -300.0000
261.9000 19.7266 -300.0000
261.9500 19.7060 -300.0000
261.9642 19.7000 -300.0000
262.0000 19.6852 -300.0000
262.0500 19.6642 -300.0000
262.0835 19.6500 -300.0000
262.1000 19.6431 -300.0000
262.1500 19.6220 -300.0000
262.2000 19.6007 -300.0000
262.2017 19.6000 -300.0000
262.2500 19.5797 -300.0000
262.3000 19.5588 -300.0000
262.3213 19.5500 -300.0000
262.3500 19.5384 -300.0000
262.4000 19.5186 -300.0000
262.4491 19.5000 -300.0000
262.4500 19.4997 -300.0000
262.5000 19.4819 -300.0000
262.5500 19.4654 -300.0000
262.6000 19.4503 -300.0000
262.6013 19.4500 -300.0000
262.6500 19.4368 -300.0000
262.7000 19.4248 -300.0000
262.7500 19.4144 -300.0000
262.8000 19.4055 -300.0000
262.8363 19.4000 -300.0000
262.8500 19.3979 -300.0000
262.9000 19.3914 -300.0000
262.9500 19.3861 -300.0000
263.0000 19.3818 -300.0000
263.0500 19.3786 -300.0000
263.1000 19.3763 -300.0000
263.1500 19.3751 -300.0000
263.2000 19.3750 -300.0000
263.2500 19.3763 -300.0000
263.3000 19.3791 -300.0000
263.3500 19.3837 -300.0000
