259.1500 20.6295 -340.0000
259.1877 20.6000 -340.0000
259.2000 20.5907 -340.0000
259.2500 20.5542 -340.0000
259.2560 20.5500 -340.0000
259.3000 20.5206 -340.0000
259.3343 20.5000 -340.0000
259.3500 20.4909 -340.0000
259.4000 20.4652 -340.0000
259.4349 20.4500 -340.0000
259.4500 20.4436 -340.0000
259.5000 20.4259 -340.0000
259.5500 20.4121 -340.0000
259.6000 20.4019 -340.0000
259.6134 20.4000 -340.0000
259.6500 20.3948 -340.0000
259.7000 20.3906 -340.0000
259.7500 20.3891 -340.0000
259.8000 20.3898 -340.0000
259.8500 20.3924 -340.0000
259.9000 20.3963 -340.0000
259.9376 20.4000 -340.0000
259.9500 20.4012 -340.0000
260.0000 20.4064 -340.0000
260.0500 20.4115 -340.0000
260.1000 20.4161 -340.0000
260.1500 20.4198 -340.0000
260.2000 20.4223 -340.0000
260.2500 20.4232 -340.0000
260.3000 20.4224 -340.0000
260.3500 20.4198 -340.0000
260.4000 20.4154 -340.0000
260.4500 20.4092 -340.0000
260.5000 20.4014 -340.0000
260.5075 20.4000 -340.0000
260.5500 20.3918 -340.0000
260.6000 20.3807 -340.0000
260.6500 20.3683 -340.0000
260.7000 20.3545 -340.0000
260.7155 20.3500 -340.0000
260.7500 20.3396 -340.0000
260.8000 20.3237 -340.0000
260.8500 20.3067 -340.0000
260.8691 20.3000 -340.0000
260.9000 20.2890 -340.0000
260.9500 20.2705 -340.0000
261.0000 20.2514 -340.0000
261.0036 20.2500 -340.0000
261.0500 20.2319 -340.0000
261.1000 20.2120 -340.0000
261.1296 20.2000 -340.0000
261.1500 20.1918 -340.0000
261.2000 20.1716 -340.0000
261.2500 20.1512 -340.0000
261.2529 20.1500 -340.0000
261.3000 20.1311 -340.0000
261.3500 20.1110 -340.0000
261.3774 20.1000 -340.0000
261.4000 20.0911 -340.0000
261.4500 20.0714 -340.0000
261.5000 20.0516 -340.0000
261.5040 20.0500 -340.0000
261.5500 20.0320 -340.0000
261.6000 20.0120 -340.0000
261.6295 20.0000 -340.0000
261.6500 19.9918 -340.0000
261.7000 19.9713 -340.0000
261.7500 19.9502 -340.0000
261.7504 19.9500 -340.0000
261.8000 19.9289 -340.0000
261.8500 19.9069 -340.0000
261.8654 19.9000 -340.0000
261.9000 19.8848 -340.0000
261.9500 19.8622 -340.0000
261.9765 19.8500 -340.0000
262.0000 19.8394 -340.0000
262.0500 19.8166 -340.0000
262.0856 19.8000 -340.0000
262.1000 19.7935 -340.0000
262.1500 19.7705 -340.0000
262.1941 19.7500 -340.0000
262.2000 19.7473 -340.0000
262.2500 19.7244 -340.0000
262.3000 19.7015 -340.0000
262.3033 19.7000 -340.0000
262.3500 19.6792 -340.0000
262.4000 19.6572 -340.0000
262.4169 19.6500 -340.0000
262.4500 19.6362 -340.0000
262.5000 19.6162 -340.0000
262.5432 19.6000 -340.0000
262.5500 19.5975 -340.0000
262.6000 19.5805 -340.0000
262.6500 19.5650 -340.0000
262.7000 19.5512 -340.0000
262.7047 19.5500 -340.0000
262.7500 19.5392 -340.0000
262.8000 19.5288 -340.0000
262.8500 19.5200 -340.0000
262.9000 19.5126 -340.0000
262.9500 19.5065 -340.0000
263.0000 19.5018 -340.0000
263.0259 19.5000 -340.0000
263.0500 19.4983 -340.0000
263.1000 19.4961 -340.0000
263.1500 19.4953 -340.0000
263.2000 19.4960 -340.0000
263.2500 19.4985 -340.0000
263.2671 19.5000 -340.0000
