256.4198 20.6500 -180.0000
256.4357 20.6000 -180.0000
256.4500 20.5531 -180.0000
256.4510 20.5500 -180.0000
256.4664 20.5000 -180.0000
256.4816 20.4500 -180.0000
256.4970 20.4000 -180.0000
256.5000 20.3904 -180.0000
256.5135 20.3500 -180.0000
256.5312 20.3000 -180.0000
256.5500 20.2508 -180.0000
256.5503 20.2500 -180.0000
256.5732 20.2000 -180.0000
256.5988 20.1500 -180.0000
256.6000 20.1478 -180.0000
256.6308 20.1000 -180.0000
256.6500 20.0737 -180.0000
256.6699 20.0500 -180.0000
256.7000 20.0183 -180.0000
256.7204 20.0000 -180.0000
256.7500 19.9761 -180.0000
256.7885 19.9500 -180.0000
256.8000 19.9429 -180.0000
256.8500 19.9168 -180.0000
256.8878 19.9000 -180.0000
256.9000 19.8950 -180.0000
256.9500 19.8771 -180.0000
257.0000 19.8612 -180.0000
257.0382 19.8500 -180.0000
257.0500 19.8468 -180.0000
257.1000 19.8340 -180.0000
257.1500 19.8220 -180.0000
257.2000 19.8108 -180.0000
257.2500 19.8007 -180.0000
257.2540 19.8000 -180.0000
257.3000 19.7922 -180.0000
257.3500 19.7853 -180.0000
257.4000 19.7800 -180.0000
257.4500 19.7767 -180.0000
257.5000 19.7754 -180.0000
257.5500 19.7762 -180.0000
257.6000 19.7792 -180.0000
257.6500 19.7844 -180.0000
257.7000 19.7917 -180.0000
257.7432 19.8000 -180.0000
257.7500 19.8013 -180.0000
257.8000 19.8131 -180.0000
257.8500 19.8270 -180.0000
257.9000 19.8428 -180.0000
257.9208 19.8500 -180.0000
257.9500 19.8603 -180.0000
258.0000 19.8793 -180.0000
258.0500 19.8993 -180.0000
258.0517 19.9000 -180.0000
258.1000 19.9199 -180.0000
258.1500 19.9407 -180.0000
258.1727 19.9500 -180.0000
258.2000 19.9612 -180.0000
258.2500 19.9811 -180.0000
258.2992 20.0000 -180.0000
258.3000 20.0003 -180.0000
258.3500 20.0184 -180.0000
258.4000 20.0355 -180.0000
258.4449 20.0500 -180.0000
258.4500 20.0516 -180.0000
258.5000 20.0665 -180.0000
258.5500 20.0802 -180.0000
258.6000 20.0925 -180.0000
258.6346 20.1000 -180.0000
258.6500 20.1032 -180.0000
258.7000 20.1117 -180.0000
258.7500 20.1179 -180.0000
258.8000 20.1215 -180.0000
258.8500 20.1223 -180.0000
258.9000 20.1203 -180.0000
258.9500 20.1157 -180.0000
259.0000 20.1090 -180.0000
259.0500 20.1006 -180.0000
259.0528 20.1000 -180.0000
259.1000 20.0905 -180.0000
259.1500 20.0797 -180.0000
259.2000 20.0686 -180.0000
259.2500 20.0576 -180.0000
259.2853 20.0500 -180.0000
259.3000 20.0468 -180.0000
259.3500 20.0361 -180.0000
259.4000 20.0261 -180.0000
259.4500 20.0169 -180.0000
259.5000 20.0084 -180.0000
259.5500 20.0006 -180.0000
259.5540 20.0000 -180.0000
259.6000 19.9929 -180.0000
259.6500 19.9857 -180.0000
259.7000 19.9788 -180.0000
259.7500 19.9722 -180.0000
259.8000 19.9655 -180.0000
259.8500 19.9586 -180.0000
259.9000 19.9513 -180.0000
259.9079 19.9500 -180.0000
259.9500 19.9428 -180.0000
260.0000 19.9333 -180.0000
260.0500 19.9229 -180.0000
260.1000 19.9113 -180.0000
260.1448 19.9000 -180.0000
260.1500 19.8986 -180.0000
260.2000 19.8842 -180.0000
260.2500 19.8689 -180.0000
260.3000 19.8526 -180.0000
260.3076 19.8500 -180.0000
260.3500 19.8350 -180.0000
260.4000 19.8166 -180.0000
260.4439 19.8000 -180.0000
260.4500 19.7976 -180.0000
260.5000 19.7776 -180.0000
260.5500 19.7574 -180.0000
260.5683 19.7500 -180.0000
260.6000 19.7368 -180.0000
260.6500 19.7160 -180.0000
260.6888 19.7000 -180.0000
260.7000 19.6953 -180.0000
260.7500 19.6745 -180.0000
260.8000 19.6543 -180.0000
260.8107 19.6500 -180.0000
260.8500 19.6341 -180.0000
260.9000 19.6143 -180.0000
260.9371 19.6000 -180.0000
260.9500 19.5950 -180.0000
261.0000 19.5757 -180.0000
261.0500 19.5569 -180.0000
261.0686 19.5500 -180.0000
261.1000 19.5382 -180.0000
261.1500 19.5196 -180.0000
261.2000 19.5014 -180.0000
261.2037 19.5000 -180.0000
261.2500 19.4829 -180.0000
261.3000 19.4646 -180.0000
261.3406 19.4500 -180.0000
261.3500 19.4465 -180.0000
261.4000 19.4282 -180.0000
261.4500 19.4100 -180.0000
261.4779 19.4000 -180.0000
261.5000 19.3918 -180.0000
261.5500 19.3734 -180.0000
261.6000 19.3552 -180.0000
261.6144 19.3500 -180.0000
261.6500 19.3367 -180.0000
261.7000 19.3181 -180.0000
261.7491 19.3000 -180.0000
261.7500 19.2997 -180.0000
261.8000 19.2807 -180.0000
261.8500 19.2619 -180.0000
261.8821 19.2500 -180.0000
261.9000 19.2432 -180.0000
261.9500 19.2243 -180.0000
262.0000 19.2058 -180.0000
262.0158 19.2000 -180.0000
262.0500 19.1872 -180.0000
262.1000 19.1689 -180.0000
262.1500 19.1512 -180.0000
262.1535 19.1500 -180.0000
262.2000 19.1334 -180.0000
262.2500 19.1162 -180.0000
262.2987 19.1000 -180.0000
262.3000 19.0995 -180.0000
262.3500 19.0828 -180.0000
262.4000 19.0666 -180.0000
262.4500 19.0512 -180.0000
262.4540 19.0500 -180.0000
262.5000 19.0356 -180.0000
262.5500 19.0206 -180.0000
262.6000 19.0062 -180.0000
262.6227 19.0000 -180.0000
262.6500 18.9920 -180.0000
262.7000 18.9780 -180.0000
262.7500 18.9645 -180.0000
262.8000 18.9515 -180.0000
262.8059 18.9500 -180.0000
262.8500 18.9380 -180.0000
262.9000 18.9248 -180.0000
262.9500 18.9117 -180.0000
262.9952 18.9000 -180.0000
263.0000 18.8987 -180.0000
263.0500 18.8849 -180.0000
263.1000 18.8713 -180.0000
263.1500 18.8576 -180.0000
263.1783 18.8500 -180.0000
263.2000 18.8438 -180.0000
263.2500 18.8297 -180.0000
263.3000 18.8158 -180.0000
263.3500 18.8022 -180.0000
263.3584 18.8000 -180.0000
263.4000 18.7886 -180.0000
263.4500 18.7754 -180.0000
263.5000 18.7626 -180.0000
263.5500 18.7501 -180.0000
263.5505 18.7500 -180.0000
263.6000 18.7378 -180.0000
263.6500 18.7256 -180.0000
263.7000 18.7134 -180.0000
263.7500 18.7009 -180.0000
263.7536 18.7000 -180.0000
263.8000 18.6881 -180.0000
263.8500 18.6748 -180.0000
263.9000 18.6607 -180.0000
263.9360 18.6500 -180.0000
263.9500 18.6458 -180.0000
264.0000 18.6304 -180.0000
264.0500 18.6142 -180.0000
264.0917 18.6000 -180.0000
264.1000 18.5972 -180.0000
264.1500 18.5801 -180.0000
264.2000 18.5625 -180.0000
264.2348 18.5500 -180.0000
264.2500 18.5446 -180.0000
264.3000 18.5268 -180.0000
264.3500 18.5086 -180.0000
264.3732 18.5000 -180.0000
264.4000 18.4901 -180.0000
264.4500 18.4712 -180.0000
264.5000 18.4512 -180.0000
264.5028 18.4500 -180.0000
264.5500 18.4305 -180.0000
264.6000 18.4085 -180.0000
264.6181 18.4000 -180.0000
264.6500 18.3853 -180.0000
264.7000 18.3608 -180.0000
264.7211 18.3500 -180.0000
264.7500 18.3355 -180.0000
264.8000 18.3093 -180.0000
264.8173 18.3000 -180.0000
264.8500 18.2830 -180.0000
264.9000 18.2564 -180.0000
264.9118 18.2500 -180.0000
264.9500 18.2303 -180.0000
265.0000 18.2043 -180.0000
265.0082 18.2000 -180.0000
265.0500 18.1793 -180.0000
265.1000 18.1545 -180.0000
265.1091 18.1500 -180.0000
265.1500 18.1308 -180.0000
265.2000 18.1075 -180.0000
265.2164 18.1000 -180.0000
265.2500 18.0852 -180.0000
265.3000 18.0636 -180.0000
265.3321 18.0500 -180.0000
265.3500 18.0427 -180.0000
265.4000 18.0228 -180.0000
265.4500 18.0033 -180.0000
265.4588 18.0000 -180.0000
265.5000 17.9849 -180.0000
265.5500 17.9670 -180.0000
265.5986 17.9500 -180.0000
265.6000 17.9495 -180.0000
265.6500 17.9329 -180.0000
265.7000 17.9165 -180.0000
265.7500 17.9001 -180.0000
265.7502 17.9000 -180.0000
265.8000 17.8841 -180.0000
265.8500 17.8678 -180.0000
265.9000 17.8510 -180.0000
265.9029 17.8500 -180.0000
265.9500 17.8338 -180.0000
266.0000 17.8155 -180.0000
266.0394 17.8000 -180.0000
266.0500 17.7958 -180.0000
266.1000 17.7746 -180.0000
266.1500 17.7513 -180.0000
266.1525 17.7500 -180.0000
266.2000 17.7257 -180.0000
266.2457 17.7000 -180.0000
266.2500 17.6976 -180.0000
266.3000 17.6668 -180.0000
266.3251 17.6500 -180.0000
266.3500 17.6333 -180.0000
266.3963 17.6000 -180.0000
266.4000 17.5974 -180.0000
266.4500 17.5588 -180.0000
266.4607 17.5500 -180.0000
266.5000 17.5176 -180.0000
266.5204 17.5000 -180.0000
266.5500 17.4740 -180.0000
266.5761 17.4500 -180.0000
266.6000 17.4277 -180.0000
266.6284 17.4000 -180.0000
266.6500 17.3784 -180.0000
266.6774 17.3500 -180.0000
266.7000 17.3260 -180.0000
266.7235 17.3000 -180.0000
266.7500 17.2702 -180.0000
266.7673 17.2500 -180.0000
266.8000 17.2113 -180.0000
266.8092 17.2000 -180.0000
266.8500 17.1500 -180.0000
266.8500 17.1499 -180.0000
266.8897 17.1000 -180.0000
266.9000 17.0873 -180.0000
266.9296 17.0500 -180.0000
266.9500 17.0250 -180.0000
266.9701 17.0000 -180.0000
267.0000 16.9642 -180.0000
267.0116 16.9500 -180.0000
267.0500 16.9054 -180.0000
267.0545 16.9000 -180.0000
267.0987 16.8500 -180.0000
267.1000 16.8486 -180.0000
267.1438 16.8000 -180.0000
267.1500 16.7933 -180.0000
267.1893 16.7500 -180.0000
267.2000 16.7386 -180.0000
267.2347 16.7000 -180.0000
267.2500 16.6833 -180.0000
267.2792 16.6500 -180.0000
267.3000 16.6266 -180.0000
267.3225 16.6000 -180.0000
267.3500 16.5678 -180.0000
267.3644 16.5500 -180.0000
267.4000 16.5065 -180.0000
267.4050 16.5000 -180.0000
267.4443 16.4500 -180.0000
267.4500 16.4429 -180.0000
267.4828 16.4000 -180.0000
267.5000 16.3782 -180.0000
267.5213 16.3500 -180.0000
267.5500 16.3135 -180.0000
267.5602 16.3000 -180.0000
267.5999 16.2500 -180.0000
267.6000 16.2499 -180.0000
267.6403 16.2000 -180.0000
267.6500 16.1886 -180.0000
267.6823 16.1500 -180.0000
267.7000 16.1297 -180.0000
267.7260 16.1000 -180.0000
267.7500 16.0735 -180.0000
267.7716 16.0500 -180.0000
267.8000 16.0200 -180.0000
267.8192 16.0000 -180.0000
267.8500 15.9689 -180.0000
267.8690 15.9500 -180.0000
267.9000 15.9199 -180.0000
267.9210 15.9000 -180.0000
267.9500 15.8729 -180.0000
267.9751 15.8500 -180.0000
268.0000 15.8275 -180.0000
268.0312 15.8000 -180.0000
268.0500 15.7835 -180.0000
268.0890 15.7500 -180.0000
268.1000 15.7406 -180.0000
268.1484 15.7000 -180.0000
268.1500 15.6986 -180.0000
268.2000 15.6572 -180.0000
268.2088 15.6500 -180.0000
268.2500 15.6163 -180.0000
268.2702 15.6000 -180.0000
268.3000 15.5760 -180.0000
268.3327 15.5500 -180.0000
268.3500 15.5362 -180.0000
268.3964 15.5000 -180.0000
268.4000 15.4971 -180.0000
268.4500 15.4584 -180.0000
268.4611 15.4500 -180.0000
268.5000 15.4203 -180.0000
268.5273 15.4000 -180.0000
268.5500 15.3831 -180.0000
268.5955 15.3500 -180.0000
268.6000 15.3467 -180.0000
268.6500 15.3109 -180.0000
268.6657 15.3000 -180.0000
268.7000 15.2761 -180.0000
268.7385 15.2500 -180.0000
268.7500 15.2422 -180.0000
268.8000 15.2090 -180.0000
268.8139 15.2000 -180.0000
268.8500 15.1764 -180.0000
268.8917 15.1500 -180.0000
268.9000 15.1447 -180.0000
268.9500 15.1134 -180.0000
268.9718 15.1000 -180.0000
269.0000 15.0826 -180.0000
269.0500 15.0524 -180.0000
269.0541 15.0500 -180.0000
269.1000 15.0225 -180.0000
269.1387 15.0000 -180.0000
269.1500 14.9934 -180.0000
269.2000 14.9648 -180.0000
269.2267 14.9500 -180.0000
269.2500 14.9371 -180.0000
269.3000 14.9102 -180.0000
269.3194 14.9000 -180.0000
269.3500 14.8840 -180.0000
269.4000 14.8589 -180.0000
269.4181 14.8500 -180.0000
269.4500 14.8344 -180.0000
269.5000 14.8107 -180.0000
269.5231 14.8000 -180.0000
269.5500 14.7875 -180.0000
269.6000 14.7648 -180.0000
269.6334 14.7500 -180.0000
269.6500 14.7425 -180.0000
269.7000 14.7204 -180.0000
269.7470 14.7000 -180.0000
269.7500 14.6987 -180.0000
269.8000 14.6767 -180.0000
269.8500 14.6551 -180.0000
269.8619 14.6500 -180.0000
269.9000 14.6332 -180.0000
269.9500 14.6114 -180.0000
269.9763 14.6000 -180.0000
270.0000 14.5895 -180.0000
270.0500 14.5673 -180.0000
270.0893 14.5500 -180.0000
270.1000 14.5452 -180.0000
270.1500 14.5226 -180.0000
270.2000 14.5001 -180.0000
270.2002 14.5000 -180.0000
270.2500 14.4770 -180.0000
270.3000 14.4541 -180.0000
270.3089 14.4500 -180.0000
270.3500 14.4308 -180.0000
270.4000 14.4076 -180.0000
270.4166 14.4000 -180.0000
270.4500 14.3843 -180.0000
270.5000 14.3612 -180.0000
270.5245 14.3500 -180.0000
270.5500 14.3381 -180.0000
270.6000 14.3153 -180.0000
270.6344 14.3000 -180.0000
270.6500 14.2929 -180.0000
270.7000 14.2706 -180.0000
270.7476 14.2500 -180.0000
270.7500 14.2489 -180.0000
270.8000 14.2272 -180.0000
270.8500 14.2059 -180.0000
270.8641 14.2000 -180.0000
270.9000 14.1844 -180.0000
270.9500 14.1628 -180.0000
270.9796 14.1500 -180.0000
271.0000 14.1408 -180.0000
271.0500 14.1181 -180.0000
271.0889 14.1000 -180.0000
271.1000 14.0947 -180.0000
271.1500 14.0703 -180.0000
271.1908 14.0500 -180.0000
271.2000 14.0453 -180.0000
271.2500 14.0196 -180.0000
271.2880 14.0000 -180.0000
271.3000 13.9938 -180.0000
271.3500 13.9678 -180.0000
271.3846 13.9500 -180.0000
271.4000 13.9421 -180.0000
271.4500 13.9167 -180.0000
271.4832 13.9000 -180.0000
271.5000 13.8917 -180.0000
271.5500 13.8668 -180.0000
271.5839 13.8500 -180.0000
271.6000 13.8421 -180.0000
271.6500 13.8173 -180.0000
271.6848 13.8000 -180.0000
271.7000 13.7925 -180.0000
271.7500 13.7675 -180.0000
271.7851 13.7500 -180.0000
271.8000 13.7425 -180.0000
271.8500 13.7175 -180.0000
271.8853 13.7000 -180.0000
271.9000 13.6927 -180.0000
271.9500 13.6680 -180.0000
271.9873 13.6500 -180.0000
272.0000 13.6438 -180.0000
272.0500 13.6196 -180.0000
272.0912 13.6000 -180.0000
272.1000 13.5957 -180.0000
272.1500 13.5716 -180.0000
272.1948 13.5500 -180.0000
272.2000 13.5474 -180.0000
272.2500 13.5223 -180.0000
272.2934 13.5000 -180.0000
272.3000 13.4965 -180.0000
272.3500 13.4692 -180.0000
272.3835 13.4500 -180.0000
272.4000 13.4403 -180.0000
272.4500 13.4096 -180.0000
272.4648 13.4000 -180.0000
272.5000 13.3768 -180.0000
272.5386 13.3500 -180.0000
272.5500 13.3420 -180.0000
272.6000 13.3050 -180.0000
272.6064 13.3000 -180.0000
272.6500 13.2662 -180.0000
272.6699 13.2500 -180.0000
272.7000 13.2257 -180.0000
272.7307 13.2000 -180.0000
272.7500 13.1840 -180.0000
272.7898 13.1500 -180.0000
272.8000 13.1414 -180.0000
272.8480 13.1000 -180.0000
272.8500 13.0983 -180.0000
272.9000 13.0547 -180.0000
272.9053 13.0500 -180.0000
272.9500 13.0109 -180.0000
272.9622 13.0000 -180.0000
273.0000 12.9668 -180.0000
273.0187 12.9500 -180.0000
273.0500 12.9223 -180.0000
273.0746 12.9000 -180.0000
273.1000 12.8773 -180.0000
273.1296 12.8500 -180.0000
273.1500 12.8315 -180.0000
273.1836 12.8000 -180.0000
273.2000 12.7849 -180.0000
273.2366 12.7500 -180.0000
273.2500 12.7374 -180.0000
273.2888 12.7000 -180.0000
273.3000 12.6894 -180.0000
273.3405 12.6500 -180.0000
273.3500 12.6410 -180.0000
273.3922 12.6000 -180.0000
273.4000 12.5926 -180.0000
273.4443 12.5500 -180.0000
273.4500 12.5447 -180.0000
273.4973 12.5000 -180.0000
273.5000 12.4975 -180.0000
273.5500 12.4512 -180.0000
273.5513 12.4500 -180.0000
273.6000 12.4058 -180.0000
273.6065 12.4000 -180.0000
273.6500 12.3613 -180.0000
273.6628 12.3500 -180.0000
273.7000 12.3174 -180.0000
273.7201 12.3000 -180.0000
273.7500 12.2740 -180.0000
273.7778 12.2500 -180.0000
273.8000 12.2307 -180.0000
273.8355 12.2000 -180.0000
273.8500 12.1873 -180.0000
273.8924 12.1500 -180.0000
273.9000 12.1433 -180.0000
273.9483 12.1000 -180.0000
273.9500 12.0984 -180.0000
274.0000 12.0525 -180.0000
274.0026 12.0500 -180.0000
274.0500 12.0054 -180.0000
274.0557 12.0000 -180.0000
274.1000 11.9576 -180.0000
274.1079 11.9500 -180.0000
274.1500 11.9092 -180.0000
274.1596 11.9000 -180.0000
274.2000 11.8609 -180.0000
274.2114 11.8500 -180.0000
274.2500 11.8131 -180.0000
274.2640 11.8000 -180.0000
274.3000 11.7663 -180.0000
274.3180 11.7500 -180.0000
274.3500 11.7210 -180.0000
274.3741 11.7000 -180.0000
274.4000 11.6773 -180.0000
274.4326 11.6500 -180.0000
274.4500 11.6353 -180.0000
274.4939 11.6000 -180.0000
274.5000 11.5950 -180.0000
274.5500 11.5557 -180.0000
274.5575 11.5500 -180.0000
274.6000 11.5170 -180.0000
274.6230 11.5000 -180.0000
274.6500 11.4792 -180.0000
274.6893 11.4500 -180.0000
274.7000 11.4418 -180.0000
274.7500 11.4041 -180.0000
274.7555 11.4000 -180.0000
274.8000 11.3657 -180.0000
274.8207 11.3500 -180.0000
274.8500 11.3270 -180.0000
274.8850 11.3000 -180.0000
274.9000 11.2881 -180.0000
274.9485 11.2500 -180.0000
274.9500 11.2488 -180.0000
275.0000 11.2090 -180.0000
275.0114 11.2000 -180.0000
275.0500 11.1691 -180.0000
275.0741 11.1500 -180.0000
275.1000 11.1294 -180.0000
275.1373 11.1000 -180.0000
275.1500 11.0899 -180.0000
275.2000 11.0509 -180.0000
275.2011 11.0500 -180.0000
275.2500 11.0120 -180.0000
275.2658 11.0000 -180.0000
275.3000 10.9738 -180.0000
275.3320 10.9500 -180.0000
275.3500 10.9365 -180.0000
275.4000 10.9001 -180.0000
275.4002 10.9000 -180.0000
275.4500 10.8641 -180.0000
275.4704 10.8500 -180.0000
275.5000 10.8291 -180.0000
275.5428 10.8000 -180.0000
275.5500 10.7950 -180.0000
275.6000 10.7612 -180.0000
275.6171 10.7500 -180.0000
275.6500 10.7277 -180.0000
275.6923 10.7000 -180.0000
275.7000 10.6947 -180.0000
275.7500 10.6614 -180.0000
275.7677 10.6500 -180.0000
275.8000 10.6280 -180.0000
275.8425 10.6000 -180.0000
275.8500 10.5948 -180.0000
275.9000 10.5614 -180.0000
275.9176 10.5500 -180.0000
275.9500 10.5282 -180.0000
275.9938 10.5000 -180.0000
276.0000 10.4959 -180.0000
276.0500 10.4644 -180.0000
276.0743 10.4500 -180.0000
276.1000 10.4346 -180.0000
276.1500 10.4067 -180.0000
276.1629 10.4000 -180.0000
276.2000 10.3809 -180.0000
276.2500 10.3571 -180.0000
276.2661 10.3500 -180.0000
276.3000 10.3353 -180.0000
276.3500 10.3152 -180.0000
276.3908 10.3000 -180.0000
276.4000 10.2966 -180.0000
276.4500 10.2791 -180.0000
276.5000 10.2624 -180.0000
276.5383 10.2500 -180.0000
276.5500 10.2462 -180.0000
276.6000 10.2301 -180.0000
276.6500 10.2138 -180.0000
276.6916 10.2000 -180.0000
276.7000 10.1972 -180.0000
276.7500 10.1796 -180.0000
276.8000 10.1612 -180.0000
276.8289 10.1500 -180.0000
276.8500 10.1415 -180.0000
276.9000 10.1204 -180.0000
276.9458 10.1000 -180.0000
276.9500 10.0981 -180.0000
277.0000 10.0738 -180.0000
277.0470 10.0500 -180.0000
277.0500 10.0484 -180.0000
277.1000 10.0211 -180.0000
