260.1500 20.5212 -380.0000
260.2000 20.5278 -380.0000
260.2500 20.5333 -380.0000
260.3000 20.5373 -380.0000
260.3500 20.5397 -380.0000
260.4000 20.5404 -380.0000
260.4500 20.5395 -380.0000
260.5000 20.5369 -380.0000
260.5500 20.5325 -380.0000
260.6000 20.5266 -380.0000
260.6500 20.5190 -380.0000
260.7000 20.5099 -380.0000
260.7473 20.5000 -380.0000
260.7500 20.4994 -380.0000
260.8000 20.4872 -380.0000
260.8500 20.4738 -380.0000
260.9000 20.4594 -380.0000
260.9308 20.4500 -380.0000
260.9500 20.4439 -380.0000
261.0000 20.4273 -380.0000
261.0500 20.4102 -380.0000
261.0788 20.4000 -380.0000
261.1000 20.3923 -380.0000
261.1500 20.3736 -380.0000
259.8000 20.4723 -380.0000
259.8500 20.4762 -380.0000
259.9000 20.4820 -380.0000
259.9500 20.4892 -380.0000
260.0000 20.4972 -380.0000
260.0168 20.5000 -380.0000
261.2120 20.3500 -380.0000
261.2500 20.3350 -380.0000
261.3000 20.3151 -380.0000
261.3377 20.3000 -380.0000
261.3500 20.2950 -380.0000
261.4000 20.2745 -380.0000
261.4500 20.2540 -380.0000
261.4597 20.2500 -380.0000
261.5000 20.2332 -380.0000
261.5500 20.2121 -380.0000
261.5786 20.2000 -380.0000
261.6000 20.1909 -380.0000
261.6500 20.1691 -380.0000
261.6933 20.1500 -380.0000
261.7000 20.1470 -380.0000
261.7500 20.1242 -380.0000
261.8000 20.1010 -380.0000
261.8021 20.1000 -380.0000
261.8500 20.0771 -380.0000
261.9000 20.0528 -380.0000
261.9056 20.0500 -380.0000
261.9500 20.0281 -380.0000
262.0000 20.0031 -380.0000
262.0062 20.0000 -380.0000
262.0500 19.9781 -380.0000
262.1000 19.9528 -380.0000
262.1055 19.9500 -380.0000
262.1500 19.9277 -380.0000
262.2050 19.9000 -380.0000
262.2500 19.8777 -380.0000
262.3000 19.8528 -380.0000
262.3056 19.8500 -380.0000
262.3500 19.8284 -380.0000
262.4089 19.8000 -380.0000
262.4500 19.7809 -380.0000
262.5000 19.7584 -380.0000
262.5192 19.7500 -380.0000
262.5500 19.7371 -380.0000
262.6000 19.7172 -380.0000
262.6463 19.7000 -380.0000
262.6500 19.6987 -380.0000
262.7000 19.6823 -380.0000
262.7500 19.6675 -380.0000
262.8190 19.6500 -380.0000
262.8500 19.6431 -380.0000
262.9000 19.6336 -380.0000
262.9500 19.6256 -380.0000
263.0000 19.6191 -380.0000
263.0500 19.6142 -380.0000
