256.0552 20.7500 -140.0000
256.0772 20.7000 -140.0000
256.0982 20.6500 -140.0000
256.1000 20.6457 -140.0000
256.1181 20.6000 -140.0000
256.1372 20.5500 -140.0000
256.1500 20.5149 -140.0000
256.1553 20.5000 -140.0000
256.1726 20.4500 -140.0000
256.1894 20.4000 -140.0000
256.2000 20.3679 -140.0000
256.2058 20.3500 -140.0000
256.2220 20.3000 -140.0000
256.2382 20.2500 -140.0000
256.2500 20.2148 -140.0000
256.2549 20.2000 -140.0000
256.2724 20.1500 -140.0000
256.2909 20.1000 -140.0000
256.3000 20.0772 -140.0000
256.3111 20.0500 -140.0000
256.3335 20.0000 -140.0000
256.3500 19.9665 -140.0000
256.3585 19.9500 -140.0000
256.3872 19.9000 -140.0000
256.4000 19.8798 -140.0000
256.4204 19.8500 -140.0000
256.4500 19.8109 -140.0000
256.4591 19.8000 -140.0000
256.5000 19.7553 -140.0000
256.5055 19.7500 -140.0000
256.5500 19.7098 -140.0000
256.5625 19.7000 -140.0000
256.6000 19.6722 -140.0000
256.6350 19.6500 -140.0000
256.6500 19.6409 -140.0000
256.7000 19.6148 -140.0000
256.7339 19.6000 -140.0000
256.7500 19.5931 -140.0000
256.8000 19.5748 -140.0000
256.8500 19.5596 -140.0000
256.8878 19.5500 -140.0000
256.9000 19.5469 -140.0000
256.9500 19.5359 -140.0000
257.0000 19.5266 -140.0000
257.0500 19.5187 -140.0000
257.1000 19.5121 -140.0000
257.1500 19.5065 -140.0000
257.2000 19.5020 -140.0000
257.2288 19.5000 -140.0000
257.2500 19.4985 -140.0000
257.3000 19.4961 -140.0000
257.3500 19.4948 -140.0000
257.4000 19.4948 -140.0000
257.4500 19.4960 -140.0000
257.5000 19.4984 -140.0000
257.5228 19.5000 -140.0000
257.5500 19.5018 -140.0000
257.6000 19.5064 -140.0000
257.6500 19.5120 -140.0000
257.7000 19.5187 -140.0000
257.7500 19.5266 -140.0000
257.8000 19.5358 -140.0000
257.8500 19.5462 -140.0000
257.8663 19.5500 -140.0000
257.9000 19.5576 -140.0000
257.9500 19.5700 -140.0000
258.0000 19.5838 -140.0000
258.0500 19.5989 -140.0000
258.0534 19.6000 -140.0000
258.1000 19.6143 -140.0000
258.1500 19.6305 -140.0000
258.2000 19.6474 -140.0000
258.2077 19.6500 -140.0000
258.2500 19.6639 -140.0000
258.3000 19.6804 -140.0000
258.3500 19.6971 -140.0000
258.3589 19.7000 -140.0000
258.4000 19.7130 -140.0000
258.4500 19.7288 -140.0000
258.5000 19.7447 -140.0000
258.5164 19.7500 -140.0000
258.5500 19.7603 -140.0000
258.6000 19.7759 -140.0000
258.6500 19.7917 -140.0000
258.6760 19.8000 -140.0000
258.7000 19.8072 -140.0000
258.7500 19.8220 -140.0000
258.8000 19.8361 -140.0000
258.8500 19.8491 -140.0000
258.8538 19.8500 -140.0000
258.9000 19.8599 -140.0000
258.9500 19.8688 -140.0000
259.0000 19.8756 -140.0000
259.0500 19.8802 -140.0000
259.1000 19.8828 -140.0000
259.1500 19.8835 -140.0000
259.2000 19.8825 -140.0000
259.2500 19.8801 -140.0000
259.3000 19.8766 -140.0000
259.3500 19.8721 -140.0000
259.4000 19.8669 -140.0000
259.4500 19.8610 -140.0000
259.5000 19.8548 -140.0000
259.5353 19.8500 -140.0000
259.5500 19.8479 -140.0000
259.6000 19.8402 -140.0000
259.6500 19.8321 -140.0000
259.7000 19.8237 -140.0000
259.7500 19.8148 -140.0000
259.8000 19.8055 -140.0000
259.8276 19.8000 -140.0000
259.8500 19.7952 -140.0000
259.9000 19.7840 -140.0000
259.9500 19.7721 -140.0000
260.0000 19.7595 -140.0000
260.0358 19.7500 -140.0000
260.0500 19.7460 -140.0000
260.1000 19.7311 -140.0000
260.1500 19.7155 -140.0000
260.1970 19.7000 -140.0000
260.2000 19.6990 -140.0000
260.2500 19.6810 -140.0000
260.3000 19.6623 -140.0000
260.3319 19.6500 -140.0000
260.3500 19.6427 -140.0000
260.4000 19.6222 -140.0000
260.4500 19.6014 -140.0000
260.4533 19.6000 -140.0000
260.5000 19.5797 -140.0000
260.5500 19.5583 -140.0000
260.5695 19.5500 -140.0000
260.6000 19.5367 -140.0000
260.6500 19.5155 -140.0000
260.6880 19.5000 -140.0000
260.7000 19.4950 -140.0000
260.7500 19.4747 -140.0000
260.8000 19.4553 -140.0000
260.8142 19.4500 -140.0000
260.8500 19.4363 -140.0000
260.9000 19.4177 -140.0000
260.9495 19.4000 -140.0000
260.9500 19.3998 -140.0000
261.0000 19.3816 -140.0000
261.0500 19.3637 -140.0000
261.0888 19.3500 -140.0000
261.1000 19.3459 -140.0000
261.1500 19.3277 -140.0000
261.2000 19.3095 -140.0000
261.2262 19.3000 -140.0000
261.2500 19.2911 -140.0000
261.3000 19.2723 -140.0000
261.3500 19.2536 -140.0000
261.3597 19.2500 -140.0000
261.4000 19.2344 -140.0000
261.4500 19.2153 -140.0000
261.4904 19.2000 -140.0000
261.5000 19.1962 -140.0000
261.5500 19.1768 -140.0000
261.6000 19.1576 -140.0000
261.6199 19.1500 -140.0000
261.6500 19.1382 -140.0000
261.7000 19.1188 -140.0000
261.7491 19.1000 -140.0000
261.7500 19.0996 -140.0000
261.8000 19.0800 -140.0000
261.8500 19.0607 -140.0000
261.8783 19.0500 -140.0000
261.9000 19.0415 -140.0000
261.9500 19.0223 -140.0000
262.0000 19.0036 -140.0000
262.0099 19.0000 -140.0000
262.0500 18.9849 -140.0000
262.1000 18.9666 -140.0000
262.1468 18.9500 -140.0000
262.1500 18.9488 -140.0000
262.2000 18.9309 -140.0000
262.2500 18.9134 -140.0000
262.2894 18.9000 -140.0000
262.3000 18.8962 -140.0000
262.3500 18.8788 -140.0000
262.4000 18.8616 -140.0000
262.4342 18.8500 -140.0000
262.4500 18.8444 -140.0000
262.5000 18.8268 -140.0000
262.5500 18.8094 -140.0000
262.5772 18.8000 -140.0000
262.6000 18.7917 -140.0000
262.6500 18.7737 -140.0000
262.7000 18.7557 -140.0000
262.7160 18.7500 -140.0000
262.7500 18.7372 -140.0000
262.8000 18.7184 -140.0000
262.8487 18.7000 -140.0000
262.8500 18.6995 -140.0000
262.9000 18.6797 -140.0000
262.9500 18.6598 -140.0000
262.9748 18.6500 -140.0000
263.0000 18.6396 -140.0000
263.0500 18.6191 -140.0000
263.0971 18.6000 -140.0000
263.1000 18.5988 -140.0000
263.1500 18.5784 -140.0000
263.2000 18.5588 -140.0000
263.2236 18.5500 -140.0000
263.2500 18.5398 -140.0000
263.3000 18.5218 -140.0000
263.3500 18.5049 -140.0000
263.3654 18.5000 -140.0000
263.4000 18.4888 -140.0000
263.4500 18.4735 -140.0000
263.5000 18.4591 -140.0000
263.5324 18.4500 -140.0000
263.5500 18.4449 -140.0000
263.6000 18.4305 -140.0000
263.6500 18.4160 -140.0000
263.7000 18.4011 -140.0000
263.7034 18.4000 -140.0000
263.7500 18.3846 -140.0000
263.8000 18.3673 -140.0000
263.8473 18.3500 -140.0000
263.8500 18.3489 -140.0000
263.9000 18.3286 -140.0000
263.9500 18.3074 -140.0000
263.9672 18.3000 -140.0000
264.0000 18.2848 -140.0000
264.0500 18.2616 -140.0000
264.0750 18.2500 -140.0000
264.1000 18.2377 -140.0000
264.1500 18.2135 -140.0000
264.1785 18.2000 -140.0000
264.2000 18.1893 -140.0000
264.2500 18.1652 -140.0000
264.2824 18.1500 -140.0000
264.3000 18.1414 -140.0000
264.3500 18.1176 -140.0000
264.3882 18.1000 -140.0000
264.4000 18.0944 -140.0000
264.4500 18.0711 -140.0000
264.4964 18.0500 -140.0000
264.5000 18.0483 -140.0000
264.5500 18.0254 -140.0000
264.6000 18.0033 -140.0000
264.6075 18.0000 -140.0000
264.6500 17.9813 -140.0000
264.7000 17.9600 -140.0000
264.7239 17.9500 -140.0000
264.7500 17.9391 -140.0000
264.8000 17.9187 -140.0000
264.8473 17.9000 -140.0000
264.8500 17.8989 -140.0000
264.9000 17.8791 -140.0000
264.9500 17.8598 -140.0000
264.9754 17.8500 -140.0000
265.0000 17.8404 -140.0000
265.0500 17.8210 -140.0000
265.1000 17.8017 -140.0000
265.1044 17.8000 -140.0000
265.1500 17.7819 -140.0000
265.2000 17.7620 -140.0000
265.2303 17.7500 -140.0000
265.2500 17.7420 -140.0000
265.3000 17.7217 -140.0000
265.3500 17.7015 -140.0000
265.3537 17.7000 -140.0000
265.4000 17.6808 -140.0000
265.4500 17.6604 -140.0000
265.4757 17.6500 -140.0000
265.5000 17.6399 -140.0000
265.5500 17.6193 -140.0000
265.5978 17.6000 -140.0000
265.6000 17.5991 -140.0000
265.6500 17.5784 -140.0000
265.7000 17.5579 -140.0000
265.7192 17.5500 -140.0000
265.7500 17.5369 -140.0000
265.8000 17.5155 -140.0000
265.8358 17.5000 -140.0000
265.8500 17.4936 -140.0000
265.9000 17.4705 -140.0000
265.9432 17.4500 -140.0000
265.9500 17.4466 -140.0000
266.0000 17.4210 -140.0000
266.0393 17.4000 -140.0000
266.0500 17.3940 -140.0000
266.1000 17.3650 -140.0000
266.1246 17.3500 -140.0000
266.1500 17.3339 -140.0000
266.2000 17.3008 -140.0000
266.2011 17.3000 -140.0000
266.2500 17.2648 -140.0000
266.2696 17.2500 -140.0000
266.3000 17.2262 -140.0000
266.3320 17.2000 -140.0000
266.3500 17.1848 -140.0000
266.3895 17.1500 -140.0000
266.4000 17.1405 -140.0000
266.4430 17.1000 -140.0000
266.4500 17.0932 -140.0000
266.4934 17.0500 -140.0000
266.5000 17.0433 -140.0000
266.5417 17.0000 -140.0000
266.5500 16.9913 -140.0000
266.5887 16.9500 -140.0000
266.6000 16.9381 -140.0000
266.6354 16.9000 -140.0000
266.6500 16.8846 -140.0000
266.6824 16.8500 -140.0000
266.7000 16.8319 -140.0000
266.7306 16.8000 -140.0000
266.7500 16.7806 -140.0000
266.7804 16.7500 -140.0000
266.8000 16.7311 -140.0000
266.8322 16.7000 -140.0000
266.8500 16.6835 -140.0000
266.8860 16.6500 -140.0000
266.9000 16.6374 -140.0000
266.9415 16.6000 -140.0000
266.9500 16.5925 -140.0000
266.9980 16.5500 -140.0000
267.0000 16.5483 -140.0000
267.0500 16.5039 -140.0000
267.0543 16.5000 -140.0000
267.1000 16.4589 -140.0000
267.1096 16.4500 -140.0000
267.1500 16.4127 -140.0000
267.1632 16.4000 -140.0000
267.2000 16.3650 -140.0000
267.2150 16.3500 -140.0000
267.2500 16.3155 -140.0000
267.2649 16.3000 -140.0000
267.3000 16.2643 -140.0000
267.3134 16.2500 -140.0000
267.3500 16.2118 -140.0000
267.3608 16.2000 -140.0000
267.4000 16.1583 -140.0000
267.4075 16.1500 -140.0000
267.4500 16.1045 -140.0000
267.4540 16.1000 -140.0000
267.5000 16.0507 -140.0000
267.5007 16.0500 -140.0000
267.5476 16.0000 -140.0000
267.5500 15.9975 -140.0000
267.5952 15.9500 -140.0000
267.6000 15.9450 -140.0000
267.6437 15.9000 -140.0000
267.6500 15.8936 -140.0000
267.6933 15.8500 -140.0000
267.7000 15.8434 -140.0000
267.7443 15.8000 -140.0000
267.7500 15.7944 -140.0000
267.7966 15.7500 -140.0000
267.8000 15.7468 -140.0000
267.8500 15.7005 -140.0000
267.8505 15.7000 -140.0000
267.9000 15.6551 -140.0000
267.9058 15.6500 -140.0000
267.9500 15.6109 -140.0000
267.9626 15.6000 -140.0000
268.0000 15.5677 -140.0000
268.0209 15.5500 -140.0000
268.0500 15.5254 -140.0000
268.0807 15.5000 -140.0000
268.1000 15.4839 -140.0000
268.1417 15.4500 -140.0000
268.1500 15.4432 -140.0000
268.2000 15.4032 -140.0000
268.2040 15.4000 -140.0000
268.2500 15.3635 -140.0000
268.2674 15.3500 -140.0000
268.3000 15.3246 -140.0000
268.3323 15.3000 -140.0000
268.3500 15.2865 -140.0000
268.3991 15.2500 -140.0000
268.4000 15.2493 -140.0000
268.4500 15.2125 -140.0000
268.4674 15.2000 -140.0000
268.5000 15.1767 -140.0000
268.5383 15.1500 -140.0000
268.5500 15.1419 -140.0000
268.6000 15.1079 -140.0000
268.6119 15.1000 -140.0000
268.6500 15.0746 -140.0000
268.6883 15.0500 -140.0000
268.7000 15.0424 -140.0000
268.7500 15.0108 -140.0000
268.7675 15.0000 -140.0000
268.8000 14.9799 -140.0000
268.8499 14.9500 -140.0000
268.8500 14.9499 -140.0000
268.9000 14.9201 -140.0000
268.9347 14.9000 -140.0000
268.9500 14.8912 -140.0000
269.0000 14.8627 -140.0000
269.0230 14.8500 -140.0000
269.0500 14.8350 -140.0000
269.1000 14.8081 -140.0000
269.1153 14.8000 -140.0000
269.1500 14.7817 -140.0000
269.2000 14.7563 -140.0000
269.2127 14.7500 -140.0000
269.2500 14.7314 -140.0000
269.3000 14.7074 -140.0000
269.3159 14.7000 -140.0000
269.3500 14.6838 -140.0000
269.4000 14.6609 -140.0000
269.4243 14.6500 -140.0000
269.4500 14.6382 -140.0000
269.5000 14.6158 -140.0000
269.5360 14.6000 -140.0000
269.5500 14.5937 -140.0000
269.6000 14.5714 -140.0000
269.6492 14.5500 -140.0000
269.6500 14.5496 -140.0000
269.7000 14.5272 -140.0000
269.7500 14.5053 -140.0000
269.7621 14.5000 -140.0000
269.8000 14.4829 -140.0000
269.8500 14.4608 -140.0000
269.8747 14.4500 -140.0000
269.9000 14.4385 -140.0000
269.9500 14.4161 -140.0000
269.9865 14.4000 -140.0000
270.0000 14.3938 -140.0000
270.0500 14.3711 -140.0000
270.0970 14.3500 -140.0000
270.1000 14.3486 -140.0000
270.1500 14.3254 -140.0000
270.2000 14.3025 -140.0000
270.2055 14.3000 -140.0000
270.2500 14.2789 -140.0000
270.3000 14.2556 -140.0000
270.3119 14.2500 -140.0000
270.3500 14.2317 -140.0000
270.4000 14.2080 -140.0000
270.4169 14.2000 -140.0000
270.4500 14.1839 -140.0000
270.5000 14.1601 -140.0000
270.5215 14.1500 -140.0000
270.5500 14.1362 -140.0000
270.6000 14.1124 -140.0000
270.6267 14.1000 -140.0000
270.6500 14.0888 -140.0000
270.7000 14.0652 -140.0000
270.7329 14.0500 -140.0000
270.7500 14.0418 -140.0000
270.8000 14.0182 -140.0000
270.8389 14.0000 -140.0000
270.8500 13.9947 -140.0000
270.9000 13.9706 -140.0000
270.9428 13.9500 -140.0000
270.9500 13.9465 -140.0000
271.0000 13.9217 -140.0000
271.0440 13.9000 -140.0000
271.0500 13.8970 -140.0000
271.1000 13.8719 -140.0000
271.1442 13.8500 -140.0000
271.1500 13.8471 -140.0000
271.2000 13.8225 -140.0000
271.2469 13.8000 -140.0000
271.2500 13.7985 -140.0000
271.3000 13.7750 -140.0000
271.3500 13.7522 -140.0000
271.3549 13.7500 -140.0000
271.4000 13.7297 -140.0000
271.4500 13.7077 -140.0000
271.4674 13.7000 -140.0000
271.5000 13.6856 -140.0000
271.5500 13.6634 -140.0000
271.5800 13.6500 -140.0000
271.6000 13.6409 -140.0000
271.6500 13.6179 -140.0000
271.6887 13.6000 -140.0000
271.7000 13.5946 -140.0000
271.7500 13.5706 -140.0000
271.7929 13.5500 -140.0000
271.8000 13.5465 -140.0000
271.8500 13.5218 -140.0000
271.8943 13.5000 -140.0000
271.9000 13.4971 -140.0000
271.9500 13.4719 -140.0000
271.9939 13.4500 -140.0000
272.0000 13.4469 -140.0000
272.0500 13.4211 -140.0000
272.0913 13.4000 -140.0000
272.1000 13.3954 -140.0000
272.1500 13.3687 -140.0000
272.1848 13.3500 -140.0000
272.2000 13.3415 -140.0000
272.2500 13.3133 -140.0000
272.2730 13.3000 -140.0000
272.3000 13.2840 -140.0000
272.3500 13.2537 -140.0000
272.3559 13.2500 -140.0000
272.4000 13.2218 -140.0000
272.4332 13.2000 -140.0000
272.4500 13.1888 -140.0000
272.5000 13.1545 -140.0000
272.5064 13.1500 -140.0000
272.5500 13.1189 -140.0000
272.5758 13.1000 -140.0000
272.6000 13.0823 -140.0000
272.6432 13.0500 -140.0000
272.6500 13.0449 -140.0000
272.7000 13.0066 -140.0000
272.7085 13.0000 -140.0000
272.7500 12.9677 -140.0000
272.7724 12.9500 -140.0000
272.8000 12.9284 -140.0000
272.8357 12.9000 -140.0000
272.8500 12.8887 -140.0000
272.8985 12.8500 -140.0000
272.9000 12.8488 -140.0000
272.9500 12.8080 -140.0000
272.9597 12.8000 -140.0000
273.0000 12.7667 -140.0000
273.0198 12.7500 -140.0000
273.0500 12.7247 -140.0000
273.0788 12.7000 -140.0000
273.1000 12.6819 -140.0000
273.1365 12.6500 -140.0000
273.1500 12.6383 -140.0000
273.1931 12.6000 -140.0000
273.2000 12.5939 -140.0000
273.2488 12.5500 -140.0000
273.2500 12.5489 -140.0000
273.3000 12.5033 -140.0000
273.3036 12.5000 -140.0000
273.3500 12.4576 -140.0000
273.3582 12.4500 -140.0000
273.4000 12.4119 -140.0000
273.4131 12.4000 -140.0000
273.4500 12.3667 -140.0000
273.4686 12.3500 -140.0000
273.5000 12.3218 -140.0000
273.5247 12.3000 -140.0000
273.5500 12.2775 -140.0000
273.5815 12.2500 -140.0000
273.6000 12.2337 -140.0000
273.6388 12.2000 -140.0000
273.6500 12.1902 -140.0000
273.6965 12.1500 -140.0000
273.7000 12.1469 -140.0000
273.7500 12.1033 -140.0000
273.7538 12.1000 -140.0000
273.8000 12.0592 -140.0000
273.8104 12.0500 -140.0000
273.8500 12.0144 -140.0000
273.8659 12.0000 -140.0000
273.9000 11.9687 -140.0000
273.9203 11.9500 -140.0000
273.9500 11.9221 -140.0000
273.9734 11.9000 -140.0000
274.0000 11.8744 -140.0000
274.0253 11.8500 -140.0000
274.0500 11.8258 -140.0000
274.0764 11.8000 -140.0000
274.1000 11.7766 -140.0000
274.1271 11.7500 -140.0000
274.1500 11.7272 -140.0000
274.1779 11.7000 -140.0000
274.2000 11.6782 -140.0000
274.2293 11.6500 -140.0000
274.2500 11.6299 -140.0000
274.2819 11.6000 -140.0000
274.3000 11.5829 -140.0000
274.3362 11.5500 -140.0000
274.3500 11.5372 -140.0000
274.3922 11.5000 -140.0000
274.4000 11.4931 -140.0000
274.4500 11.4502 -140.0000
274.4502 11.4500 -140.0000
274.5000 11.4078 -140.0000
274.5096 11.4000 -140.0000
274.5500 11.3662 -140.0000
274.5700 11.3500 -140.0000
274.6000 11.3251 -140.0000
274.6310 11.3000 -140.0000
274.6500 11.2842 -140.0000
274.6921 11.2500 -140.0000
274.7000 11.2434 -140.0000
274.7500 11.2025 -140.0000
274.7531 11.2000 -140.0000
274.8000 11.1613 -140.0000
274.8139 11.1500 -140.0000
274.8500 11.1203 -140.0000
274.8752 11.1000 -140.0000
274.9000 11.0798 -140.0000
274.9372 11.0500 -140.0000
274.9500 11.0397 -140.0000
275.0000 11.0001 -140.0000
275.0002 11.0000 -140.0000
275.0500 10.9607 -140.0000
275.0637 10.9500 -140.0000
275.1000 10.9218 -140.0000
275.1284 10.9000 -140.0000
275.1500 10.8834 -140.0000
275.1941 10.8500 -140.0000
275.2000 10.8455 -140.0000
275.2500 10.8078 -140.0000
275.2605 10.8000 -140.0000
275.3000 10.7703 -140.0000
275.3275 10.7500 -140.0000
275.3500 10.7331 -140.0000
275.3951 10.7000 -140.0000
275.4000 10.6963 -140.0000
275.4500 10.6590 -140.0000
275.4623 10.6500 -140.0000
275.5000 10.6215 -140.0000
275.5289 10.6000 -140.0000
275.5500 10.5837 -140.0000
275.5942 10.5500 -140.0000
275.6000 10.5454 -140.0000
275.6500 10.5063 -140.0000
275.6581 10.5000 -140.0000
275.7000 10.4665 -140.0000
275.7210 10.4500 -140.0000
275.7500 10.4265 -140.0000
275.7836 10.4000 -140.0000
275.8000 10.3868 -140.0000
275.8475 10.3500 -140.0000
275.8500 10.3480 -140.0000
275.9000 10.3106 -140.0000
275.9150 10.3000 -140.0000
275.9500 10.2754 -140.0000
275.9888 10.2500 -140.0000
276.0000 10.2428 -140.0000
276.0500 10.2130 -140.0000
276.0739 10.2000 -140.0000
276.1000 10.1861 -140.0000
276.1500 10.1618 -140.0000
276.1767 10.1500 -140.0000
276.2000 10.1398 -140.0000
276.2500 10.1199 -140.0000
276.3000 10.1015 -140.0000
276.3043 10.1000 -140.0000
276.3500 10.0841 -140.0000
276.4000 10.0674 -140.0000
276.4500 10.0510 -140.0000
276.4530 10.0500 -140.0000
276.5000 10.0342 -140.0000
276.5500 10.0169 -140.0000
276.5974 10.0000 -140.0000
276.6000 9.9990 -140.0000
276.6500 9.9795 -140.0000
276.7000 9.9588 -140.0000
276.7204 9.9500 -140.0000
276.7500 9.9363 -140.0000
276.8000 9.9121 -140.0000
276.8239 9.9000 -140.0000
276.8500 9.8859 -140.0000
276.9000 9.8577 -140.0000
276.9133 9.8500 -140.0000
276.9500 9.8272 -140.0000
276.9926 9.8000 -140.0000
277.0000 9.7949 -140.0000
277.0500 9.7601 -140.0000
277.0643 9.7500 -140.0000
277.1000 9.7231 -140.0000
