254.1068 21.1500 -20.0000
254.1245 21.1000 -20.0000
254.1409 21.0500 -20.0000
254.1500 21.0196 -20.0000
254.1556 21.0000 -20.0000
254.1686 20.9500 -20.0000
254.1806 20.9000 -20.0000
254.1916 20.8500 -20.0000
254.2000 20.8087 -20.0000
254.2017 20.8000 -20.0000
254.2107 20.7500 -20.0000
254.2191 20.7000 -20.0000
254.2273 20.6500 -20.0000
254.2353 20.6000 -20.0000
254.2434 20.5500 -20.0000
254.2500 20.5103 -20.0000
254.2516 20.5000 -20.0000
254.2600 20.4500 -20.0000
254.2689 20.4000 -20.0000
254.2788 20.3500 -20.0000
254.2897 20.3000 -20.0000
254.3000 20.2578 -20.0000
254.3018 20.2500 -20.0000
254.3150 20.2000 -20.0000
254.3298 20.1500 -20.0000
254.3466 20.1000 -20.0000
254.3500 20.0909 -20.0000
254.3648 20.0500 -20.0000
254.3852 20.0000 -20.0000
254.4000 19.9675 -20.0000
254.4078 19.9500 -20.0000
254.4322 19.9000 -20.0000
254.4500 19.8673 -20.0000
254.4593 19.8500 -20.0000
254.4885 19.8000 -20.0000
254.5000 19.7820 -20.0000
254.5202 19.7500 -20.0000
254.5500 19.7071 -20.0000
254.5549 19.7000 -20.0000
254.5921 19.6500 -20.0000
254.6000 19.6401 -20.0000
254.6322 19.6000 -20.0000
254.6500 19.5793 -20.0000
254.6755 19.5500 -20.0000
254.7000 19.5234 -20.0000
254.7219 19.5000 -20.0000
254.7500 19.4713 -20.0000
254.7713 19.4500 -20.0000
254.8000 19.4224 -20.0000
254.8236 19.4000 -20.0000
254.8500 19.3757 -20.0000
254.8783 19.3500 -20.0000
254.9000 19.3307 -20.0000
254.9351 19.3000 -20.0000
254.9500 19.2872 -20.0000
254.9936 19.2500 -20.0000
255.0000 19.2446 -20.0000
255.0500 19.2028 -20.0000
255.0534 19.2000 -20.0000
255.1000 19.1614 -20.0000
255.1140 19.1500 -20.0000
255.1500 19.1207 -20.0000
255.1759 19.1000 -20.0000
255.2000 19.0807 -20.0000
255.2391 19.0500 -20.0000
255.2500 19.0414 -20.0000
255.3000 19.0027 -20.0000
255.3035 19.0000 -20.0000
255.3500 18.9641 -20.0000
255.3688 18.9500 -20.0000
255.4000 18.9264 -20.0000
255.4361 18.9000 -20.0000
255.4500 18.8897 -20.0000
255.5000 18.8538 -20.0000
255.5055 18.8500 -20.0000
255.5500 18.8185 -20.0000
255.5776 18.8000 -20.0000
255.6000 18.7848 -20.0000
255.6500 18.7525 -20.0000
255.6540 18.7500 -20.0000
255.7000 18.7208 -20.0000
255.7350 18.7000 -20.0000
255.7500 18.6909 -20.0000
255.8000 18.6618 -20.0000
255.8212 18.6500 -20.0000
255.8500 18.6336 -20.0000
255.9000 18.6065 -20.0000
255.9123 18.6000 -20.0000
255.9500 18.5794 -20.0000
256.0000 18.5534 -20.0000
256.0067 18.5500 -20.0000
256.0500 18.5269 -20.0000
256.1000 18.5015 -20.0000
256.1030 18.5000 -20.0000
256.1500 18.4752 -20.0000
256.2000 18.4503 -20.0000
256.2005 18.4500 -20.0000
256.2500 18.4242 -20.0000
256.2992 18.4000 -20.0000
256.3000 18.3996 -20.0000
256.3500 18.3740 -20.0000
256.3998 18.3500 -20.0000
256.4000 18.3499 -20.0000
256.4500 18.3247 -20.0000
256.5000 18.3010 -20.0000
256.5022 18.3000 -20.0000
256.5500 18.2763 -20.0000
256.6000 18.2529 -20.0000
256.6063 18.2500 -20.0000
256.6500 18.2286 -20.0000
256.7000 18.2054 -20.0000
256.7119 18.2000 -20.0000
256.7500 18.1816 -20.0000
256.8000 18.1586 -20.0000
256.8194 18.1500 -20.0000
256.8500 18.1355 -20.0000
256.9000 18.1131 -20.0000
256.9305 18.1000 -20.0000
256.9500 18.0911 -20.0000
257.0000 18.0693 -20.0000
257.0475 18.0500 -20.0000
257.0500 18.0489 -20.0000
257.1000 18.0279 -20.0000
257.1500 18.0083 -20.0000
257.1722 18.0000 -20.0000
257.2000 17.9889 -20.0000
257.2500 17.9698 -20.0000
257.3000 17.9518 -20.0000
257.3051 17.9500 -20.0000
257.3500 17.9331 -20.0000
257.4000 17.9151 -20.0000
257.4438 17.9000 -20.0000
257.4500 17.8977 -20.0000
257.5000 17.8795 -20.0000
257.5500 17.8621 -20.0000
257.5856 17.8500 -20.0000
257.6000 17.8448 -20.0000
257.6500 17.8272 -20.0000
257.7000 17.8102 -20.0000
257.7311 17.8000 -20.0000
257.7500 17.7934 -20.0000
257.8000 17.7765 -20.0000
257.8500 17.7603 -20.0000
257.8830 17.7500 -20.0000
257.9000 17.7444 -20.0000
257.9500 17.7282 -20.0000
258.0000 17.7127 -20.0000
258.0423 17.7000 -20.0000
258.0500 17.6976 -20.0000
258.1000 17.6819 -20.0000
258.1500 17.6668 -20.0000
258.2000 17.6520 -20.0000
258.2071 17.6500 -20.0000
258.2500 17.6368 -20.0000
258.3000 17.6220 -20.0000
258.3500 17.6076 -20.0000
258.3775 17.6000 -20.0000
258.4000 17.5933 -20.0000
258.4500 17.5791 -20.0000
258.5000 17.5656 -20.0000
258.5500 17.5526 -20.0000
258.5608 17.5500 -20.0000
258.6000 17.5398 -20.0000
258.6500 17.5275 -20.0000
258.7000 17.5158 -20.0000
258.7500 17.5046 -20.0000
258.7716 17.5000 -20.0000
258.8000 17.4935 -20.0000
258.8500 17.4825 -20.0000
258.9000 17.4715 -20.0000
258.9500 17.4603 -20.0000
258.9945 17.4500 -20.0000
259.0000 17.4487 -20.0000
259.0500 17.4362 -20.0000
259.1000 17.4232 -20.0000
259.1500 17.4094 -20.0000
259.1825 17.4000 -20.0000
259.2000 17.3947 -20.0000
259.2500 17.3791 -20.0000
259.3000 17.3628 -20.0000
259.3376 17.3500 -20.0000
259.3500 17.3457 -20.0000
259.4000 17.3279 -20.0000
259.4500 17.3096 -20.0000
259.4756 17.3000 -20.0000
259.5000 17.2908 -20.0000
259.5500 17.2715 -20.0000
259.6000 17.2519 -20.0000
259.6046 17.2500 -20.0000
259.6500 17.2317 -20.0000
259.7000 17.2113 -20.0000
259.7276 17.2000 -20.0000
259.7500 17.1907 -20.0000
259.8000 17.1698 -20.0000
259.8475 17.1500 -20.0000
259.8500 17.1489 -20.0000
259.9000 17.1277 -20.0000
259.9500 17.1066 -20.0000
259.9658 17.1000 -20.0000
260.0000 17.0853 -20.0000
260.0500 17.0641 -20.0000
260.0836 17.0500 -20.0000
260.1000 17.0429 -20.0000
260.1500 17.0215 -20.0000
260.2000 17.0004 -20.0000
260.2009 17.0000 -20.0000
260.2500 16.9787 -20.0000
260.3000 16.9571 -20.0000
260.3164 16.9500 -20.0000
260.3500 16.9351 -20.0000
260.4000 16.9126 -20.0000
260.4276 16.9000 -20.0000
260.4500 16.8896 -20.0000
260.5000 16.8658 -20.0000
260.5324 16.8500 -20.0000
260.5500 16.8413 -20.0000
260.6000 16.8161 -20.0000
260.6311 16.8000 -20.0000
260.6500 16.7902 -20.0000
260.7000 16.7639 -20.0000
260.7262 16.7500 -20.0000
260.7500 16.7374 -20.0000
260.8000 16.7109 -20.0000
260.8206 16.7000 -20.0000
260.8500 16.6846 -20.0000
260.9000 16.6588 -20.0000
260.9174 16.6500 -20.0000
260.9500 16.6336 -20.0000
261.0000 16.6093 -20.0000
261.0196 16.6000 -20.0000
261.0500 16.5857 -20.0000
261.1000 16.5629 -20.0000
261.1294 16.5500 -20.0000
261.1500 16.5409 -20.0000
261.2000 16.5195 -20.0000
261.2470 16.5000 -20.0000
261.2500 16.4987 -20.0000
261.3000 16.4781 -20.0000
261.3500 16.4577 -20.0000
261.3687 16.4500 -20.0000
261.4000 16.4371 -20.0000
261.4500 16.4165 -20.0000
261.4898 16.4000 -20.0000
261.5000 16.3957 -20.0000
261.5500 16.3747 -20.0000
261.6000 16.3538 -20.0000
261.6090 16.3500 -20.0000
261.6500 16.3328 -20.0000
261.7000 16.3121 -20.0000
261.7300 16.3000 -20.0000
261.7500 16.2919 -20.0000
261.8000 16.2721 -20.0000
261.8500 16.2531 -20.0000
261.8583 16.2500 -20.0000
261.9000 16.2345 -20.0000
261.9500 16.2166 -20.0000
261.9983 16.2000 -20.0000
262.0000 16.1994 -20.0000
262.0500 16.1823 -20.0000
262.1000 16.1657 -20.0000
262.1483 16.1500 -20.0000
262.1500 16.1494 -20.0000
262.2000 16.1329 -20.0000
262.2500 16.1166 -20.0000
262.3000 16.1005 -20.0000
262.3016 16.1000 -20.0000
262.3500 16.0840 -20.0000
262.4000 16.0678 -20.0000
262.4500 16.0518 -20.0000
262.4556 16.0500 -20.0000
262.5000 16.0356 -20.0000
262.5500 16.0198 -20.0000
262.6000 16.0045 -20.0000
262.6149 16.0000 -20.0000
262.6500 15.9893 -20.0000
262.7000 15.9746 -20.0000
262.7500 15.9605 -20.0000
262.7892 15.9500 -20.0000
262.8000 15.9470 -20.0000
262.8500 15.9339 -20.0000
262.9000 15.9215 -20.0000
262.9500 15.9099 -20.0000
262.9963 15.9000 -20.0000
263.0000 15.8992 -20.0000
263.0500 15.8888 -20.0000
263.1000 15.8793 -20.0000
263.1500 15.8707 -20.0000
263.2000 15.8629 -20.0000
263.2500 15.8560 -20.0000
263.2981 15.8500 -20.0000
263.3000 15.8497 -20.0000
263.3500 15.8439 -20.0000
263.4000 15.8386 -20.0000
263.4500 15.8339 -20.0000
263.5000 15.8297 -20.0000
263.5500 15.8257 -20.0000
263.6000 15.8220 -20.0000
263.6500 15.8183 -20.0000
263.7000 15.8146 -20.0000
263.7500 15.8107 -20.0000
263.8000 15.8066 -20.0000
263.8500 15.8020 -20.0000
263.8692 15.8000 -20.0000
263.9000 15.7966 -20.0000
263.9500 15.7904 -20.0000
264.0000 15.7835 -20.0000
264.0500 15.7756 -20.0000
264.1000 15.7669 -20.0000
264.1500 15.7572 -20.0000
264.1833 15.7500 -20.0000
264.2000 15.7462 -20.0000
264.2500 15.7337 -20.0000
264.3000 15.7202 -20.0000
264.3500 15.7058 -20.0000
264.3689 15.7000 -20.0000
264.4000 15.6899 -20.0000
264.4500 15.6729 -20.0000
264.5000 15.6552 -20.0000
264.5140 15.6500 -20.0000
264.5500 15.6360 -20.0000
264.6000 15.6159 -20.0000
264.6387 15.6000 -20.0000
264.6500 15.5951 -20.0000
264.7000 15.5728 -20.0000
264.7500 15.5501 -20.0000
264.7503 15.5500 -20.0000
264.8000 15.5256 -20.0000
264.8500 15.5007 -20.0000
264.8513 15.5000 -20.0000
264.9000 15.4738 -20.0000
264.9438 15.4500 -20.0000
264.9500 15.4465 -20.0000
265.0000 15.4174 -20.0000
265.0296 15.4000 -20.0000
265.0500 15.3875 -20.0000
265.1000 15.3567 -20.0000
265.1107 15.3500 -20.0000
265.1500 15.3246 -20.0000
265.1883 15.3000 -20.0000
265.2000 15.2923 -20.0000
265.2500 15.2593 -20.0000
265.2641 15.2500 -20.0000
265.3000 15.2259 -20.0000
265.3395 15.2000 -20.0000
265.3500 15.1929 -20.0000
265.4000 15.1599 -20.0000
265.4153 15.1500 -20.0000
265.4500 15.1272 -20.0000
265.4926 15.1000 -20.0000
265.5000 15.0952 -20.0000
265.5500 15.0633 -20.0000
265.5715 15.0500 -20.0000
265.6000 15.0319 -20.0000
265.6500 15.0013 -20.0000
265.6521 15.0000 -20.0000
265.7000 14.9704 -20.0000
265.7339 14.9500 -20.0000
265.7500 14.9401 -20.0000
265.8000 14.9099 -20.0000
265.8167 14.9000 -20.0000
265.8500 14.8798 -20.0000
265.9000 14.8503 -20.0000
265.9005 14.8500 -20.0000
265.9500 14.8204 -20.0000
265.9851 14.8000 -20.0000
266.0000 14.7912 -20.0000
266.0500 14.7622 -20.0000
266.0716 14.7500 -20.0000
266.1000 14.7337 -20.0000
266.1500 14.7058 -20.0000
266.1606 14.7000 -20.0000
266.2000 14.6781 -20.0000
266.2500 14.6513 -20.0000
266.2524 14.6500 -20.0000
266.3000 14.6244 -20.0000
266.3470 14.6000 -20.0000
266.3500 14.5984 -20.0000
266.4000 14.5721 -20.0000
266.4433 14.5500 -20.0000
266.4500 14.5464 -20.0000
266.5000 14.5203 -20.0000
266.5396 14.5000 -20.0000
266.5500 14.4945 -20.0000
266.6000 14.4681 -20.0000
266.6344 14.4500 -20.0000
266.6500 14.4416 -20.0000
266.7000 14.4147 -20.0000
266.7273 14.4000 -20.0000
266.7500 14.3875 -20.0000
266.8000 14.3601 -20.0000
266.8185 14.3500 -20.0000
266.8500 14.3325 -20.0000
266.9000 14.3049 -20.0000
266.9088 14.3000 -20.0000
266.9500 14.2770 -20.0000
266.9989 14.2500 -20.0000
267.0000 14.2494 -20.0000
267.0500 14.2214 -20.0000
267.0888 14.2000 -20.0000
267.1000 14.1937 -20.0000
267.1500 14.1658 -20.0000
267.1785 14.1500 -20.0000
267.2000 14.1379 -20.0000
267.2500 14.1100 -20.0000
267.2681 14.1000 -20.0000
267.3000 14.0820 -20.0000
267.3500 14.0542 -20.0000
267.3576 14.0500 -20.0000
267.4000 14.0261 -20.0000
267.4476 14.0000 -20.0000
267.4500 13.9987 -20.0000
267.5000 13.9708 -20.0000
267.5385 13.9500 -20.0000
267.5500 13.9436 -20.0000
267.6000 13.9165 -20.0000
267.6312 13.9000 -20.0000
267.6500 13.8899 -20.0000
267.7000 13.8635 -20.0000
267.7264 13.8500 -20.0000
267.7500 13.8377 -20.0000
267.8000 13.8122 -20.0000
267.8247 13.8000 -20.0000
267.8500 13.7872 -20.0000
267.9000 13.7626 -20.0000
267.9264 13.7500 -20.0000
267.9500 13.7385 -20.0000
268.0000 13.7146 -20.0000
268.0316 13.7000 -20.0000
268.0500 13.6912 -20.0000
268.1000 13.6679 -20.0000
268.1394 13.6500 -20.0000
268.1500 13.6450 -20.0000
268.2000 13.6219 -20.0000
268.2487 13.6000 -20.0000
268.2500 13.5994 -20.0000
268.3000 13.5763 -20.0000
268.3500 13.5538 -20.0000
268.3584 13.5500 -20.0000
268.4000 13.5307 -20.0000
268.4500 13.5081 -20.0000
268.4681 13.5000 -20.0000
268.5000 13.4852 -20.0000
268.5500 13.4624 -20.0000
268.5776 13.4500 -20.0000
268.6000 13.4396 -20.0000
268.6500 13.4166 -20.0000
268.6868 13.4000 -20.0000
268.7000 13.3939 -20.0000
268.7500 13.3707 -20.0000
268.7959 13.3500 -20.0000
268.8000 13.3481 -20.0000
268.8500 13.3249 -20.0000
268.9000 13.3023 -20.0000
268.9052 13.3000 -20.0000
268.9500 13.2793 -20.0000
269.0000 13.2568 -20.0000
269.0154 13.2500 -20.0000
269.0500 13.2342 -20.0000
269.1000 13.2120 -20.0000
269.1277 13.2000 -20.0000
269.1500 13.1900 -20.0000
269.2000 13.1682 -20.0000
269.2431 13.1500 -20.0000
269.2500 13.1470 -20.0000
269.3000 13.1256 -20.0000
269.3500 13.1051 -20.0000
269.3628 13.1000 -20.0000
269.4000 13.0846 -20.0000
269.4500 13.0647 -20.0000
269.4881 13.0500 -20.0000
269.5000 13.0453 -20.0000
269.5500 13.0258 -20.0000
269.6000 13.0071 -20.0000
269.6193 13.0000 -20.0000
269.6500 12.9884 -20.0000
269.7000 12.9699 -20.0000
269.7500 12.9519 -20.0000
269.7553 12.9500 -20.0000
269.8000 12.9335 -20.0000
269.8500 12.9154 -20.0000
269.8932 12.9000 -20.0000
269.9000 12.8975 -20.0000
269.9500 12.8790 -20.0000
270.0000 12.8607 -20.0000
270.0295 12.8500 -20.0000
270.0500 12.8423 -20.0000
270.1000 12.8235 -20.0000
270.1500 12.8050 -20.0000
270.1634 12.8000 -20.0000
270.2000 12.7860 -20.0000
270.2500 12.7671 -20.0000
270.2960 12.7500 -20.0000
270.3000 12.7485 -20.0000
270.3500 12.7292 -20.0000
270.4000 12.7104 -20.0000
270.4280 12.7000 -20.0000
270.4500 12.6915 -20.0000
270.5000 12.6723 -20.0000
270.5500 12.6534 -20.0000
270.5588 12.6500 -20.0000
270.6000 12.6337 -20.0000
270.6500 12.6141 -20.0000
270.6860 12.6000 -20.0000
270.7000 12.5943 -20.0000
270.7500 12.5739 -20.0000
270.8000 12.5537 -20.0000
270.8092 12.5500 -20.0000
270.8500 12.5328 -20.0000
270.9000 12.5119 -20.0000
270.9287 12.5000 -20.0000
270.9500 12.4909 -20.0000
271.0000 12.4695 -20.0000
271.0463 12.4500 -20.0000
271.0500 12.4484 -20.0000
271.1000 12.4266 -20.0000
271.1500 12.4052 -20.0000
271.1622 12.4000 -20.0000
271.2000 12.3834 -20.0000
271.2500 12.3617 -20.0000
271.2774 12.3500 -20.0000
271.3000 12.3400 -20.0000
271.3500 12.3182 -20.0000
271.3926 12.3000 -20.0000
271.4000 12.2967 -20.0000
271.4500 12.2748 -20.0000
271.5000 12.2534 -20.0000
271.5080 12.2500 -20.0000
271.5500 12.2315 -20.0000
271.6000 12.2101 -20.0000
271.6238 12.2000 -20.0000
271.6500 12.1885 -20.0000
271.7000 12.1669 -20.0000
271.7400 12.1500 -20.0000
271.7500 12.1456 -20.0000
271.8000 12.1237 -20.0000
271.8500 12.1024 -20.0000
271.8555 12.1000 -20.0000
271.9000 12.0801 -20.0000
271.9500 12.0580 -20.0000
271.9679 12.0500 -20.0000
272.0000 12.0351 -20.0000
272.0500 12.0117 -20.0000
272.0745 12.0000 -20.0000
272.1000 11.9873 -20.0000
272.1500 11.9620 -20.0000
272.1732 11.9500 -20.0000
272.2000 11.9355 -20.0000
272.2500 11.9078 -20.0000
272.2638 11.9000 -20.0000
272.3000 11.8784 -20.0000
272.3473 11.8500 -20.0000
272.3500 11.8483 -20.0000
272.4000 11.8159 -20.0000
272.4244 11.8000 -20.0000
272.4500 11.7826 -20.0000
272.4977 11.7500 -20.0000
272.5000 11.7483 -20.0000
272.5500 11.7120 -20.0000
272.5665 11.7000 -20.0000
272.6000 11.6745 -20.0000
272.6323 11.6500 -20.0000
272.6500 11.6360 -20.0000
272.6954 11.6000 -20.0000
272.7000 11.5962 -20.0000
272.7500 11.5547 -20.0000
272.7557 11.5500 -20.0000
272.8000 11.5118 -20.0000
272.8136 11.5000 -20.0000
272.8500 11.4678 -20.0000
272.8700 11.4500 -20.0000
272.9000 11.4229 -20.0000
272.9254 11.4000 -20.0000
272.9500 11.3775 -20.0000
272.9801 11.3500 -20.0000
273.0000 11.3318 -20.0000
273.0349 11.3000 -20.0000
273.0500 11.2863 -20.0000
273.0902 11.2500 -20.0000
273.1000 11.2411 -20.0000
273.1461 11.2000 -20.0000
273.1500 11.1966 -20.0000
273.2000 11.1524 -20.0000
273.2027 11.1500 -20.0000
273.2500 11.1084 -20.0000
273.2596 11.1000 -20.0000
273.3000 11.0646 -20.0000
273.3167 11.0500 -20.0000
273.3500 11.0206 -20.0000
273.3734 11.0000 -20.0000
273.4000 10.9762 -20.0000
273.4290 10.9500 -20.0000
273.4500 10.9307 -20.0000
273.4830 10.9000 -20.0000
273.5000 10.8838 -20.0000
273.5348 10.8500 -20.0000
273.5500 10.8349 -20.0000
273.5842 10.8000 -20.0000
273.6000 10.7834 -20.0000
273.6310 10.7500 -20.0000
273.6500 10.7290 -20.0000
273.6755 10.7000 -20.0000
273.7000 10.6715 -20.0000
273.7181 10.6500 -20.0000
273.7500 10.6114 -20.0000
273.7593 10.6000 -20.0000
273.7995 10.5500 -20.0000
273.8000 10.5494 -20.0000
273.8389 10.5000 -20.0000
273.8500 10.4860 -20.0000
273.8785 10.4500 -20.0000
273.9000 10.4234 -20.0000
273.9189 10.4000 -20.0000
273.9500 10.3624 -20.0000
273.9604 10.3500 -20.0000
274.0000 10.3036 -20.0000
274.0032 10.3000 -20.0000
274.0472 10.2500 -20.0000
274.0500 10.2469 -20.0000
274.0928 10.2000 -20.0000
274.1000 10.1923 -20.0000
274.1401 10.1500 -20.0000
274.1500 10.1397 -20.0000
274.1892 10.1000 -20.0000
274.2000 10.0893 -20.0000
274.2406 10.0500 -20.0000
274.2500 10.0411 -20.0000
274.2949 10.0000 -20.0000
274.3000 9.9954 -20.0000
274.3500 9.9523 -20.0000
274.3528 9.9500 -20.0000
274.4000 9.9119 -20.0000
274.4156 9.9000 -20.0000
274.4500 9.8745 -20.0000
274.4853 9.8500 -20.0000
274.5000 9.8400 -20.0000
274.5500 9.8082 -20.0000
274.5637 9.8000 -20.0000
274.6000 9.7786 -20.0000
274.6500 9.7515 -20.0000
274.6529 9.7500 -20.0000
274.7000 9.7257 -20.0000
274.7500 9.7017 -20.0000
274.7535 9.7000 -20.0000
274.8000 9.6780 -20.0000
274.8500 9.6551 -20.0000
274.8611 9.6500 -20.0000
274.9000 9.6318 -20.0000
274.9500 9.6084 -20.0000
274.9673 9.6000 -20.0000
275.0000 9.5838 -20.0000
275.0500 9.5583 -20.0000
275.0655 9.5500 -20.0000
275.1000 9.5312 -20.0000
275.1500 9.5030 -20.0000
275.1552 9.5000 -20.0000
275.2000 9.4729 -20.0000
275.2374 9.4500 -20.0000
275.2500 9.4421 -20.0000
275.3000 9.4101 -20.0000
275.3156 9.4000 -20.0000
275.3500 9.3774 -20.0000
275.3918 9.3500 -20.0000
275.4000 9.3446 -20.0000
275.4500 9.3113 -20.0000
275.4671 9.3000 -20.0000
275.5000 9.2780 -20.0000
275.5430 9.2500 -20.0000
275.5500 9.2454 -20.0000
275.6000 9.2125 -20.0000
275.6195 9.2000 -20.0000
275.6500 9.1801 -20.0000
275.6976 9.1500 -20.0000
275.7000 9.1484 -20.0000
275.7500 9.1163 -20.0000
275.7761 9.1000 -20.0000
275.8000 9.0847 -20.0000
275.8500 9.0535 -20.0000
275.8557 9.0500 -20.0000
275.9000 9.0217 -20.0000
275.9348 9.0000 -20.0000
275.9500 8.9902 -20.0000
276.0000 8.9583 -20.0000
276.0129 8.9500 -20.0000
276.0500 8.9256 -20.0000
276.0890 8.9000 -20.0000
276.1000 8.8926 -20.0000
276.1500 8.8583 -20.0000
276.1619 8.8500 -20.0000
276.2000 8.8228 -20.0000
276.2314 8.8000 -20.0000
276.2500 8.7862 -20.0000
276.2982 8.7500 -20.0000
276.3000 8.7486 -20.0000
276.3500 8.7093 -20.0000
276.3617 8.7000 -20.0000
276.4000 8.6692 -20.0000
276.4239 8.6500 -20.0000
276.4500 8.6289 -20.0000
276.4862 8.6000 -20.0000
276.5000 8.5889 -20.0000
276.5499 8.5500 -20.0000
276.5500 8.5499 -20.0000
276.6000 8.5116 -20.0000
276.6158 8.5000 -20.0000
276.6500 8.4749 -20.0000
276.6858 8.4500 -20.0000
276.7000 8.4400 -20.0000
276.7500 8.4065 -20.0000
276.7599 8.4000 -20.0000
276.8000 8.3735 -20.0000
276.8369 8.3500 -20.0000
276.8500 8.3415 -20.0000
276.9000 8.3091 -20.0000
276.9140 8.3000 -20.0000
276.9500 8.2756 -20.0000
276.9876 8.2500 -20.0000
277.0000 8.2410 -20.0000
277.0500 8.2039 -20.0000
277.0550 8.2000 -20.0000
277.1000 8.1627 -20.0000
