255.7939 20.9000 -120.0000
255.8000 20.8896 -120.0000
255.8227 20.8500 -120.0000
255.8500 20.8017 -120.0000
255.8509 20.8000 -120.0000
255.8778 20.7500 -120.0000
255.9000 20.7079 -120.0000
255.9040 20.7000 -120.0000
255.9287 20.6500 -120.0000
255.9500 20.6057 -120.0000
255.9526 20.6000 -120.0000
255.9750 20.5500 -120.0000
255.9966 20.5000 -120.0000
256.0000 20.4919 -120.0000
256.0168 20.4500 -120.0000
256.0362 20.4000 -120.0000
256.0500 20.3632 -120.0000
256.0548 20.3500 -120.0000
256.0725 20.3000 -120.0000
256.0899 20.2500 -120.0000
256.1000 20.2210 -120.0000
256.1071 20.2000 -120.0000
256.1242 20.1500 -120.0000
256.1417 20.1000 -120.0000
256.1500 20.0775 -120.0000
256.1599 20.0500 -120.0000
256.1791 20.0000 -120.0000
256.2000 19.9500 -120.0000
256.2000 19.9500 -120.0000
256.2226 19.9000 -120.0000
256.2477 19.8500 -120.0000
256.2500 19.8458 -120.0000
256.2759 19.8000 -120.0000
256.3000 19.7616 -120.0000
256.3077 19.7500 -120.0000
256.3439 19.7000 -120.0000
256.3500 19.6923 -120.0000
256.3858 19.6500 -120.0000
256.4000 19.6343 -120.0000
256.4344 19.6000 -120.0000
256.4500 19.5852 -120.0000
256.4918 19.5500 -120.0000
256.5000 19.5433 -120.0000
256.5500 19.5074 -120.0000
256.5619 19.5000 -120.0000
256.6000 19.4765 -120.0000
256.6500 19.4503 -120.0000
256.6507 19.4500 -120.0000
256.7000 19.4276 -120.0000
256.7500 19.4086 -120.0000
256.7767 19.4000 -120.0000
256.8000 19.3923 -120.0000
256.8500 19.3785 -120.0000
256.9000 19.3670 -120.0000
256.9500 19.3574 -120.0000
256.9967 19.3500 -120.0000
257.0000 19.3495 -120.0000
257.0500 19.3426 -120.0000
257.1000 19.3370 -120.0000
257.1500 19.3325 -120.0000
257.2000 19.3292 -120.0000
257.2500 19.3269 -120.0000
257.3000 19.3256 -120.0000
257.3500 19.3253 -120.0000
257.4000 19.3260 -120.0000
257.4500 19.3277 -120.0000
257.5000 19.3302 -120.0000
257.5500 19.3335 -120.0000
257.6000 19.3376 -120.0000
257.6500 19.3424 -120.0000
257.7000 19.3479 -120.0000
257.7168 19.3500 -120.0000
257.7500 19.3538 -120.0000
257.8000 19.3601 -120.0000
257.8500 19.3672 -120.0000
257.9000 19.3751 -120.0000
257.9500 19.3840 -120.0000
258.0000 19.3939 -120.0000
258.0281 19.4000 -120.0000
258.0500 19.4045 -120.0000
258.1000 19.4157 -120.0000
258.1500 19.4280 -120.0000
258.2000 19.4413 -120.0000
258.2313 19.4500 -120.0000
258.2500 19.4550 -120.0000
258.3000 19.4688 -120.0000
258.3500 19.4833 -120.0000
258.4000 19.4985 -120.0000
258.4046 19.5000 -120.0000
258.4500 19.5136 -120.0000
258.5000 19.5297 -120.0000
258.5500 19.5470 -120.0000
258.5579 19.5500 -120.0000
258.6000 19.5649 -120.0000
258.6500 19.5844 -120.0000
258.6869 19.6000 -120.0000
258.7000 19.6052 -120.0000
258.7500 19.6265 -120.0000
258.8000 19.6489 -120.0000
258.8024 19.6500 -120.0000
258.8500 19.6702 -120.0000
258.9000 19.6911 -120.0000
258.9218 19.7000 -120.0000
258.9500 19.7102 -120.0000
259.0000 19.7268 -120.0000
259.0500 19.7411 -120.0000
259.0872 19.7500 -120.0000
259.1000 19.7527 -120.0000
259.1500 19.7610 -120.0000
259.2000 19.7668 -120.0000
259.2500 19.7703 -120.0000
259.3000 19.7716 -120.0000
259.3500 19.7711 -120.0000
259.4000 19.7689 -120.0000
259.4500 19.7652 -120.0000
259.5000 19.7603 -120.0000
259.5500 19.7542 -120.0000
259.5802 19.7500 -120.0000
259.6000 19.7470 -120.0000
259.6500 19.7384 -120.0000
259.7000 19.7291 -120.0000
259.7500 19.7190 -120.0000
259.8000 19.7084 -120.0000
259.8369 19.7000 -120.0000
259.8500 19.6968 -120.0000
259.9000 19.6841 -120.0000
259.9500 19.6708 -120.0000
260.0000 19.6569 -120.0000
260.0239 19.6500 -120.0000
260.0500 19.6420 -120.0000
260.1000 19.6260 -120.0000
260.1500 19.6093 -120.0000
260.1766 19.6000 -120.0000
260.2000 19.5914 -120.0000
260.2500 19.5724 -120.0000
260.3000 19.5528 -120.0000
260.3068 19.5500 -120.0000
260.3500 19.5317 -120.0000
260.4000 19.5103 -120.0000
260.4239 19.5000 -120.0000
260.4500 19.4883 -120.0000
260.5000 19.4661 -120.0000
260.5371 19.4500 -120.0000
260.5500 19.4442 -120.0000
260.6000 19.4223 -120.0000
260.6500 19.4015 -120.0000
260.6538 19.4000 -120.0000
260.7000 19.3809 -120.0000
260.7500 19.3614 -120.0000
260.7807 19.3500 -120.0000
260.8000 19.3426 -120.0000
260.8500 19.3243 -120.0000
260.9000 19.3068 -120.0000
260.9196 19.3000 -120.0000
260.9500 19.2892 -120.0000
261.0000 19.2718 -120.0000
261.0500 19.2546 -120.0000
261.0631 19.2500 -120.0000
261.1000 19.2367 -120.0000
261.1500 19.2187 -120.0000
261.2000 19.2006 -120.0000
261.2015 19.2000 -120.0000
261.2500 19.1815 -120.0000
261.3000 19.1624 -120.0000
261.3325 19.1500 -120.0000
261.3500 19.1430 -120.0000
261.4000 19.1232 -120.0000
261.4500 19.1037 -120.0000
261.4596 19.1000 -120.0000
261.5000 19.0837 -120.0000
261.5500 19.0640 -120.0000
261.5860 19.0500 -120.0000
261.6000 19.0444 -120.0000
261.6500 19.0245 -120.0000
261.7000 19.0050 -120.0000
261.7130 19.0000 -120.0000
261.7500 18.9853 -120.0000
261.8000 18.9657 -120.0000
261.8407 18.9500 -120.0000
261.8500 18.9463 -120.0000
261.9000 18.9267 -120.0000
261.9500 18.9075 -120.0000
261.9700 18.9000 -120.0000
262.0000 18.8884 -120.0000
262.0500 18.8694 -120.0000
262.1000 18.8509 -120.0000
262.1025 18.8500 -120.0000
262.1500 18.8321 -120.0000
262.2000 18.8138 -120.0000
262.2382 18.8000 -120.0000
262.2500 18.7956 -120.0000
262.3000 18.7770 -120.0000
262.3500 18.7588 -120.0000
262.3741 18.7500 -120.0000
262.4000 18.7402 -120.0000
262.4500 18.7213 -120.0000
262.5000 18.7025 -120.0000
262.5067 18.7000 -120.0000
262.5500 18.6830 -120.0000
262.6000 18.6634 -120.0000
262.6342 18.6500 -120.0000
262.6500 18.6435 -120.0000
262.7000 18.6230 -120.0000
262.7500 18.6023 -120.0000
262.7555 18.6000 -120.0000
262.8000 18.5806 -120.0000
262.8500 18.5586 -120.0000
262.8694 18.5500 -120.0000
262.9000 18.5358 -120.0000
262.9500 18.5126 -120.0000
262.9774 18.5000 -120.0000
263.0000 18.4890 -120.0000
263.0500 18.4652 -120.0000
263.0829 18.4500 -120.0000
263.1000 18.4417 -120.0000
263.1500 18.4184 -120.0000
263.1917 18.4000 -120.0000
263.2000 18.3961 -120.0000
263.2500 18.3744 -120.0000
263.3000 18.3543 -120.0000
263.3116 18.3500 -120.0000
263.3500 18.3349 -120.0000
263.4000 18.3165 -120.0000
263.4478 18.3000 -120.0000
263.4500 18.2992 -120.0000
263.5000 18.2814 -120.0000
263.5500 18.2640 -120.0000
263.5900 18.2500 -120.0000
263.6000 18.2462 -120.0000
263.6500 18.2266 -120.0000
263.7000 18.2064 -120.0000
263.7152 18.2000 -120.0000
263.7500 18.1838 -120.0000
263.8000 18.1597 -120.0000
263.8195 18.1500 -120.0000
263.8500 18.1333 -120.0000
263.9000 18.1057 -120.0000
263.9104 18.1000 -120.0000
263.9500 18.0762 -120.0000
263.9950 18.0500 -120.0000
264.0000 18.0469 -120.0000
264.0500 18.0167 -120.0000
264.0795 18.0000 -120.0000
264.1000 17.9878 -120.0000
264.1500 17.9600 -120.0000
264.1691 17.9500 -120.0000
264.2000 17.9335 -120.0000
264.2500 17.9088 -120.0000
264.2689 17.9000 -120.0000
264.3000 17.8854 -120.0000
264.3500 17.8634 -120.0000
264.3828 17.8500 -120.0000
264.4000 17.8429 -120.0000
264.4500 17.8231 -120.0000
264.5000 17.8046 -120.0000
264.5128 17.8000 -120.0000
264.5500 17.7866 -120.0000
264.6000 17.7693 -120.0000
264.6500 17.7528 -120.0000
264.6584 17.7500 -120.0000
264.7000 17.7362 -120.0000
264.7500 17.7201 -120.0000
264.8000 17.7044 -120.0000
264.8138 17.7000 -120.0000
264.8500 17.6883 -120.0000
264.9000 17.6720 -120.0000
264.9500 17.6557 -120.0000
264.9670 17.6500 -120.0000
265.0000 17.6386 -120.0000
265.0500 17.6209 -120.0000
265.1000 17.6030 -120.0000
265.1081 17.6000 -120.0000
265.1500 17.5838 -120.0000
265.2000 17.5642 -120.0000
265.2358 17.5500 -120.0000
265.2500 17.5441 -120.0000
265.3000 17.5230 -120.0000
265.3500 17.5019 -120.0000
265.3545 17.5000 -120.0000
265.4000 17.4797 -120.0000
265.4500 17.4578 -120.0000
265.4678 17.4500 -120.0000
265.5000 17.4353 -120.0000
265.5500 17.4127 -120.0000
265.5784 17.4000 -120.0000
265.6000 17.3899 -120.0000
265.6500 17.3666 -120.0000
265.6859 17.3500 -120.0000
265.7000 17.3432 -120.0000
265.7500 17.3187 -120.0000
265.7879 17.3000 -120.0000
265.8000 17.2937 -120.0000
265.8500 17.2673 -120.0000
265.8820 17.2500 -120.0000
265.9000 17.2397 -120.0000
265.9500 17.2104 -120.0000
265.9672 17.2000 -120.0000
266.0000 17.1792 -120.0000
266.0445 17.1500 -120.0000
266.0500 17.1462 -120.0000
266.1000 17.1106 -120.0000
266.1144 17.1000 -120.0000
266.1500 17.0727 -120.0000
266.1786 17.0500 -120.0000
266.2000 17.0324 -120.0000
266.2382 17.0000 -120.0000
266.2500 16.9898 -120.0000
266.2944 16.9500 -120.0000
266.3000 16.9449 -120.0000
266.3480 16.9000 -120.0000
266.3500 16.8981 -120.0000
266.3999 16.8500 -120.0000
266.4000 16.8499 -120.0000
266.4500 16.8011 -120.0000
266.4511 16.8000 -120.0000
266.5000 16.7525 -120.0000
266.5025 16.7500 -120.0000
266.5500 16.7049 -120.0000
266.5551 16.7000 -120.0000
266.6000 16.6587 -120.0000
266.6095 16.6500 -120.0000
266.6500 16.6143 -120.0000
266.6662 16.6000 -120.0000
266.7000 16.5716 -120.0000
266.7257 16.5500 -120.0000
266.7500 16.5304 -120.0000
266.7877 16.5000 -120.0000
266.8000 16.4904 -120.0000
266.8500 16.4512 -120.0000
266.8515 16.4500 -120.0000
266.9000 16.4123 -120.0000
266.9156 16.4000 -120.0000
266.9500 16.3733 -120.0000
266.9794 16.3500 -120.0000
267.0000 16.3338 -120.0000
267.0418 16.3000 -120.0000
267.0500 16.2934 -120.0000
267.1000 16.2517 -120.0000
267.1020 16.2500 -120.0000
267.1500 16.2085 -120.0000
267.1594 16.2000 -120.0000
267.2000 16.1638 -120.0000
267.2148 16.1500 -120.0000
267.2500 16.1176 -120.0000
267.2684 16.1000 -120.0000
267.3000 16.0702 -120.0000
267.3206 16.0500 -120.0000
267.3500 16.0217 -120.0000
267.3718 16.0000 -120.0000
267.4000 15.9724 -120.0000
267.4223 15.9500 -120.0000
267.4500 15.9227 -120.0000
267.4725 15.9000 -120.0000
267.5000 15.8727 -120.0000
267.5226 15.8500 -120.0000
267.5500 15.8228 -120.0000
267.5729 15.8000 -120.0000
267.6000 15.7733 -120.0000
267.6237 15.7500 -120.0000
267.6500 15.7244 -120.0000
267.6752 15.7000 -120.0000
267.7000 15.6762 -120.0000
267.7277 15.6500 -120.0000
267.7500 15.6290 -120.0000
267.7814 15.6000 -120.0000
267.8000 15.5828 -120.0000
267.8364 15.5500 -120.0000
267.8500 15.5377 -120.0000
267.8928 15.5000 -120.0000
267.9000 15.4937 -120.0000
267.9500 15.4507 -120.0000
267.9508 15.4500 -120.0000
268.0000 15.4083 -120.0000
268.0101 15.4000 -120.0000
268.0500 15.3669 -120.0000
268.0709 15.3500 -120.0000
268.1000 15.3265 -120.0000
268.1335 15.3000 -120.0000
268.1500 15.2869 -120.0000
268.1978 15.2500 -120.0000
268.2000 15.2483 -120.0000
268.2500 15.2102 -120.0000
268.2637 15.2000 -120.0000
268.3000 15.1730 -120.0000
268.3317 15.1500 -120.0000
268.3500 15.1368 -120.0000
268.4000 15.1015 -120.0000
268.4022 15.1000 -120.0000
268.4500 15.0669 -120.0000
268.4750 15.0500 -120.0000
268.5000 15.0333 -120.0000
268.5500 15.0007 -120.0000
268.5512 15.0000 -120.0000
268.6000 14.9686 -120.0000
268.6299 14.9500 -120.0000
268.6500 14.9375 -120.0000
268.7000 14.9072 -120.0000
268.7120 14.9000 -120.0000
268.7500 14.8773 -120.0000
268.7972 14.8500 -120.0000
268.8000 14.8483 -120.0000
268.8500 14.8195 -120.0000
268.8852 14.8000 -120.0000
268.9000 14.7917 -120.0000
268.9500 14.7643 -120.0000
268.9769 14.7500 -120.0000
269.0000 14.7376 -120.0000
269.0500 14.7117 -120.0000
269.0732 14.7000 -120.0000
269.1000 14.6864 -120.0000
269.1500 14.6619 -120.0000
269.1750 14.6500 -120.0000
269.2000 14.6379 -120.0000
269.2500 14.6146 -120.0000
269.2824 14.6000 -120.0000
269.3000 14.5919 -120.0000
269.3500 14.5693 -120.0000
269.3942 14.5500 -120.0000
269.4000 14.5474 -120.0000
269.4500 14.5250 -120.0000
269.5000 14.5033 -120.0000
269.5075 14.5000 -120.0000
269.5500 14.4809 -120.0000
269.6000 14.4590 -120.0000
269.6206 14.4500 -120.0000
269.6500 14.4367 -120.0000
269.7000 14.4144 -120.0000
269.7328 14.4000 -120.0000
269.7500 14.3922 -120.0000
269.8000 14.3696 -120.0000
269.8445 14.3500 -120.0000
269.8500 14.3475 -120.0000
269.9000 14.3247 -120.0000
269.9500 14.3024 -120.0000
269.9554 14.3000 -120.0000
270.0000 14.2794 -120.0000
270.0500 14.2568 -120.0000
270.0651 14.2500 -120.0000
270.1000 14.2336 -120.0000
270.1500 14.2105 -120.0000
270.1729 14.2000 -120.0000
270.2000 14.1871 -120.0000
270.2500 14.1634 -120.0000
270.2785 14.1500 -120.0000
270.3000 14.1395 -120.0000
270.3500 14.1154 -120.0000
270.3823 14.1000 -120.0000
270.4000 14.0913 -120.0000
270.4500 14.0668 -120.0000
270.4852 14.0500 -120.0000
270.5000 14.0426 -120.0000
270.5500 14.0182 -120.0000
270.5882 14.0000 -120.0000
270.6000 13.9942 -120.0000
270.6500 13.9699 -120.0000
270.6919 13.9500 -120.0000
270.7000 13.9461 -120.0000
270.7500 13.9218 -120.0000
270.7957 13.9000 -120.0000
270.8000 13.8979 -120.0000
270.8500 13.8734 -120.0000
270.8984 13.8500 -120.0000
270.9000 13.8492 -120.0000
270.9500 13.8244 -120.0000
271.0000 13.8000 -120.0000
271.0000 13.8000 -120.0000
271.0500 13.7752 -120.0000
271.1000 13.7511 -120.0000
271.1023 13.7500 -120.0000
271.1500 13.7270 -120.0000
271.2000 13.7039 -120.0000
271.2087 13.7000 -120.0000
271.2500 13.6812 -120.0000
271.3000 13.6593 -120.0000
271.3217 13.6500 -120.0000
271.3500 13.6377 -120.0000
271.4000 13.6165 -120.0000
271.4396 13.6000 -120.0000
271.4500 13.5956 -120.0000
271.5000 13.5741 -120.0000
271.5500 13.5528 -120.0000
271.5564 13.5500 -120.0000
271.6000 13.5305 -120.0000
271.6500 13.5079 -120.0000
271.6673 13.5000 -120.0000
271.7000 13.4845 -120.0000
271.7500 13.4607 -120.0000
271.7723 13.4500 -120.0000
271.8000 13.4362 -120.0000
271.8500 13.4113 -120.0000
271.8728 13.4000 -120.0000
271.9000 13.3860 -120.0000
271.9500 13.3603 -120.0000
271.9701 13.3500 -120.0000
272.0000 13.3340 -120.0000
272.0500 13.3075 -120.0000
272.0641 13.3000 -120.0000
272.1000 13.2801 -120.0000
272.1500 13.2524 -120.0000
272.1543 13.2500 -120.0000
272.2000 13.2234 -120.0000
272.2400 13.2000 -120.0000
272.2500 13.1939 -120.0000
272.3000 13.1632 -120.0000
272.3212 13.1500 -120.0000
272.3500 13.1316 -120.0000
272.3989 13.1000 -120.0000
272.4000 13.0993 -120.0000
272.4500 13.0655 -120.0000
272.4726 13.0500 -120.0000
272.5000 13.0310 -120.0000
272.5442 13.0000 -120.0000
272.5500 12.9959 -120.0000
272.6000 12.9597 -120.0000
272.6133 12.9500 -120.0000
272.6500 12.9230 -120.0000
272.6811 12.9000 -120.0000
272.7000 12.8860 -120.0000
272.7483 12.8500 -120.0000
272.7500 12.8487 -120.0000
272.8000 12.8106 -120.0000
272.8138 12.8000 -120.0000
272.8500 12.7722 -120.0000
272.8786 12.7500 -120.0000
272.9000 12.7334 -120.0000
272.9425 12.7000 -120.0000
272.9500 12.6941 -120.0000
273.0000 12.6540 -120.0000
273.0048 12.6500 -120.0000
273.0500 12.6127 -120.0000
273.0652 12.6000 -120.0000
273.1000 12.5707 -120.0000
273.1242 12.5500 -120.0000
273.1500 12.5279 -120.0000
273.1821 12.5000 -120.0000
273.2000 12.4844 -120.0000
273.2391 12.4500 -120.0000
273.2500 12.4404 -120.0000
273.2955 12.4000 -120.0000
273.3000 12.3960 -120.0000
273.3500 12.3515 -120.0000
273.3517 12.3500 -120.0000
273.4000 12.3067 -120.0000
273.4076 12.3000 -120.0000
273.4500 12.2622 -120.0000
273.4638 12.2500 -120.0000
273.5000 12.2179 -120.0000
273.5205 12.2000 -120.0000
273.5500 12.1739 -120.0000
273.5775 12.1500 -120.0000
273.6000 12.1302 -120.0000
273.6347 12.1000 -120.0000
273.6500 12.0866 -120.0000
273.6919 12.0500 -120.0000
273.7000 12.0429 -120.0000
273.7487 12.0000 -120.0000
273.7500 11.9988 -120.0000
273.8000 11.9538 -120.0000
273.8042 11.9500 -120.0000
273.8500 11.9079 -120.0000
273.8585 11.9000 -120.0000
273.9000 11.8609 -120.0000
273.9115 11.8500 -120.0000
273.9500 11.8128 -120.0000
273.9632 11.8000 -120.0000
274.0000 11.7636 -120.0000
274.0137 11.7500 -120.0000
274.0500 11.7136 -120.0000
274.0635 11.7000 -120.0000
274.1000 11.6630 -120.0000
274.1130 11.6500 -120.0000
274.1500 11.6125 -120.0000
274.1626 11.6000 -120.0000
274.2000 11.5625 -120.0000
274.2129 11.5500 -120.0000
274.2500 11.5136 -120.0000
274.2643 11.5000 -120.0000
274.3000 11.4658 -120.0000
274.3172 11.4500 -120.0000
274.3500 11.4195 -120.0000
274.3718 11.4000 -120.0000
274.4000 11.3745 -120.0000
274.4281 11.3500 -120.0000
274.4500 11.3306 -120.0000
274.4857 11.3000 -120.0000
274.5000 11.2875 -120.0000
274.5443 11.2500 -120.0000
274.5500 11.2450 -120.0000
274.6000 11.2028 -120.0000
274.6033 11.2000 -120.0000
274.6500 11.1605 -120.0000
274.6626 11.1500 -120.0000
274.7000 11.1185 -120.0000
274.7224 11.1000 -120.0000
274.7500 11.0770 -120.0000
274.7830 11.0500 -120.0000
274.8000 11.0360 -120.0000
274.8447 11.0000 -120.0000
274.8500 10.9958 -120.0000
274.9000 10.9559 -120.0000
274.9075 10.9500 -120.0000
274.9500 10.9166 -120.0000
274.9715 10.9000 -120.0000
275.0000 10.8780 -120.0000
275.0367 10.8500 -120.0000
275.0500 10.8399 -120.0000
275.1000 10.8022 -120.0000
275.1029 10.8000 -120.0000
275.1500 10.7644 -120.0000
275.1693 10.7500 -120.0000
275.2000 10.7269 -120.0000
275.2362 10.7000 -120.0000
275.2500 10.6896 -120.0000
275.3000 10.6523 -120.0000
275.3031 10.6500 -120.0000
275.3500 10.6144 -120.0000
275.3691 10.6000 -120.0000
275.4000 10.5761 -120.0000
275.4341 10.5500 -120.0000
275.4500 10.5374 -120.0000
275.4976 10.5000 -120.0000
275.5000 10.4981 -120.0000
275.5500 10.4575 -120.0000
275.5593 10.4500 -120.0000
275.6000 10.4162 -120.0000
275.6196 10.4000 -120.0000
275.6500 10.3743 -120.0000
275.6791 10.3500 -120.0000
275.7000 10.3323 -120.0000
275.7391 10.3000 -120.0000
275.7500 10.2909 -120.0000
275.8000 10.2506 -120.0000
275.8008 10.2500 -120.0000
275.8500 10.2120 -120.0000
275.8666 10.2000 -120.0000
275.9000 10.1760 -120.0000
275.9390 10.1500 -120.0000
275.9500 10.1428 -120.0000
276.0000 10.1125 -120.0000
276.0226 10.1000 -120.0000
276.0500 10.0850 -120.0000
276.1000 10.0603 -120.0000
276.1229 10.0500 -120.0000
276.1500 10.0378 -120.0000
276.2000 10.0173 -120.0000
276.2458 10.0000 -120.0000
276.2500 9.9984 -120.0000
276.3000 9.9802 -120.0000
276.3500 9.9627 -120.0000
276.3869 9.9500 -120.0000
276.4000 9.9453 -120.0000
276.4500 9.9272 -120.0000
276.5000 9.9085 -120.0000
276.5220 9.9000 -120.0000
276.5500 9.8884 -120.0000
276.6000 9.8666 -120.0000
276.6361 9.8500 -120.0000
276.6500 9.8431 -120.0000
276.7000 9.8170 -120.0000
276.7310 9.8000 -120.0000
276.7500 9.7887 -120.0000
276.8000 9.7578 -120.0000
276.8122 9.7500 -120.0000
276.8500 9.7238 -120.0000
276.8837 9.7000 -120.0000
276.9000 9.6875 -120.0000
276.9481 9.6500 -120.0000
276.9500 9.6484 -120.0000
277.0000 9.6060 -120.0000
277.0070 9.6000 -120.0000
277.0500 9.5607 -120.0000
277.0617 9.5500 -120.0000
277.1000 9.5129 -120.0000
