259.0500 20.3608 -240.0000
259.0719 20.3500 -240.0000
259.1000 20.3367 -240.0000
259.1500 20.3127 -240.0000
259.1771 20.3000 -240.0000
259.2000 20.2896 -240.0000
259.2500 20.2678 -240.0000
259.2951 20.2500 -240.0000
259.3000 20.2481 -240.0000
259.3500 20.2299 -240.0000
259.4000 20.2141 -240.0000
259.4500 20.2006 -240.0000
259.4525 20.2000 -240.0000
259.5000 20.1886 -240.0000
259.5500 20.1787 -240.0000
259.6000 20.1707 -240.0000
259.6500 20.1644 -240.0000
259.7000 20.1595 -240.0000
259.7500 20.1557 -240.0000
259.8000 20.1527 -240.0000
259.8500 20.1503 -240.0000
259.8558 20.1500 -240.0000
259.9000 20.1478 -240.0000
259.9500 20.1450 -240.0000
260.0000 20.1416 -240.0000
260.0500 20.1371 -240.0000
260.1000 20.1314 -240.0000
260.1500 20.1242 -240.0000
260.2000 20.1154 -240.0000
260.2500 20.1049 -240.0000
260.2707 20.1000 -240.0000
260.3000 20.0927 -240.0000
260.3500 20.0789 -240.0000
260.4000 20.0640 -240.0000
260.4438 20.0500 -240.0000
260.4500 20.0480 -240.0000
260.5000 20.0308 -240.0000
260.5500 20.0129 -240.0000
260.5849 20.0000 -240.0000
260.6000 19.9943 -240.0000
260.6500 19.9750 -240.0000
260.7000 19.9554 -240.0000
260.7136 19.9500 -240.0000
260.7500 19.9353 -240.0000
260.8000 19.9149 -240.0000
260.8363 19.9000 -240.0000
260.8500 19.8944 -240.0000
260.9000 19.8737 -240.0000
260.9500 19.8531 -240.0000
260.9577 19.8500 -240.0000
261.0000 19.8326 -240.0000
261.0500 19.8124 -240.0000
261.0809 19.8000 -240.0000
261.1000 19.7923 -240.0000
261.1500 19.7726 -240.0000
261.2000 19.7533 -240.0000
261.2086 19.7500 -240.0000
261.2500 19.7342 -240.0000
261.3000 19.7155 -240.0000
261.3423 19.7000 -240.0000
261.3500 19.6972 -240.0000
261.4000 19.6790 -240.0000
261.4500 19.6610 -240.0000
261.4810 19.6500 -240.0000
261.5000 19.6432 -240.0000
261.5500 19.6253 -240.0000
261.6000 19.6075 -240.0000
261.6208 19.6000 -240.0000
261.6500 19.5894 -240.0000
261.7000 19.5712 -240.0000
261.7500 19.5529 -240.0000
261.7579 19.5500 -240.0000
261.8000 19.5343 -240.0000
261.8500 19.5156 -240.0000
261.8914 19.5000 -240.0000
261.9000 19.4967 -240.0000
261.9500 19.4776 -240.0000
262.0000 19.4585 -240.0000
262.0223 19.4500 -240.0000
262.0500 19.4393 -240.0000
262.1000 19.4200 -240.0000
262.1500 19.4010 -240.0000
262.1527 19.4000 -240.0000
262.2000 19.3819 -240.0000
262.2500 19.3631 -240.0000
262.2857 19.3500 -240.0000
262.3000 19.3447 -240.0000
262.3500 19.3267 -240.0000
262.4000 19.3095 -240.0000
262.4289 19.3000 -240.0000
262.4500 19.2930 -240.0000
262.5000 19.2773 -240.0000
262.5500 19.2628 -240.0000
262.5984 19.2500 -240.0000
262.6000 19.2496 -240.0000
262.6500 19.2371 -240.0000
262.7000 19.2258 -240.0000
262.7500 19.2157 -240.0000
262.8000 19.2068 -240.0000
262.8423 19.2000 -240.0000
262.8500 19.1987 -240.0000
262.9000 19.1911 -240.0000
262.9500 19.1843 -240.0000
263.0000 19.1782 -240.0000
263.0500 19.1726 -240.0000
263.1000 19.1676 -240.0000
263.1500 19.1630 -240.0000
263.2000 19.1590 -240.0000
263.2500 19.1556 -240.0000
263.3000 19.1528 -240.0000
263.3500 19.1507 -240.0000
263.3835 19.1500 -240.0000
263.4000 19.1496 -240.0000
263.4500 19.1496 -240.0000
263.4662 19.1500 -240.0000
263.5000 19.1509 -240.0000
266.1328 18.3500 -240.0000
266.1500 18.3395 -240.0000
266.2000 18.3078 -240.0000
266.2116 18.3000 -240.0000
266.2500 18.2742 -240.0000
266.2840 18.2500 -240.0000
266.3000 18.2385 -240.0000
266.3500 18.2002 -240.0000
266.3502 18.2000 -240.0000
266.4000 18.1580 -240.0000
266.4088 18.1500 -240.0000
266.4500 18.1124 -240.0000
266.4628 18.1000 -240.0000
266.5000 18.0636 -240.0000
266.5133 18.0500 -240.0000
266.5500 18.0124 -240.0000
266.5617 18.0000 -240.0000
266.6000 17.9599 -240.0000
266.6092 17.9500 -240.0000
266.6500 17.9070 -240.0000
266.6566 17.9000 -240.0000
266.7000 17.8548 -240.0000
266.7046 17.8500 -240.0000
266.7500 17.8035 -240.0000
266.7534 17.8000 -240.0000
266.8000 17.7531 -240.0000
266.8031 17.7500 -240.0000
266.8500 17.7032 -240.0000
266.8532 17.7000 -240.0000
266.9000 17.6531 -240.0000
266.9031 17.6500 -240.0000
266.9500 17.6022 -240.0000
266.9521 17.6000 -240.0000
266.9995 17.5500 -240.0000
267.0000 17.5495 -240.0000
267.0447 17.5000 -240.0000
267.0500 17.4940 -240.0000
267.0876 17.4500 -240.0000
267.1000 17.4349 -240.0000
267.1281 17.4000 -240.0000
267.1500 17.3720 -240.0000
267.1667 17.3500 -240.0000
267.2000 17.3053 -240.0000
267.2038 17.3000 -240.0000
267.2394 17.2500 -240.0000
267.2500 17.2351 -240.0000
267.2744 17.2000 -240.0000
267.3000 17.1635 -240.0000
267.3093 17.1500 -240.0000
267.3441 17.1000 -240.0000
267.3500 17.0918 -240.0000
267.3790 17.0500 -240.0000
267.4000 17.0207 -240.0000
267.4144 17.0000 -240.0000
267.4499 16.9500 -240.0000
267.4500 16.9499 -240.0000
267.4847 16.9000 -240.0000
267.5000 16.8784 -240.0000
267.5193 16.8500 -240.0000
267.5500 16.8049 -240.0000
267.5532 16.8000 -240.0000
267.5859 16.7500 -240.0000
267.6000 16.7284 -240.0000
267.6178 16.7000 -240.0000
267.6494 16.6500 -240.0000
267.6500 16.6491 -240.0000
267.6803 16.6000 -240.0000
267.7000 16.5688 -240.0000
267.7116 16.5500 -240.0000
267.7435 16.5000 -240.0000
267.7500 16.4902 -240.0000
267.7764 16.4500 -240.0000
267.8000 16.4157 -240.0000
267.8109 16.4000 -240.0000
267.8473 16.3500 -240.0000
267.8500 16.3464 -240.0000
267.8860 16.3000 -240.0000
267.9000 16.2828 -240.0000
267.9272 16.2500 -240.0000
267.9500 16.2239 -240.0000
267.9713 16.2000 -240.0000
268.0000 16.1690 -240.0000
268.0181 16.1500 -240.0000
268.0500 16.1175 -240.0000
268.0676 16.1000 -240.0000
268.1000 16.0687 -240.0000
268.1196 16.0500 -240.0000
268.1500 16.0218 -240.0000
268.1738 16.0000 -240.0000
268.2000 15.9764 -240.0000
268.2295 15.9500 -240.0000
268.2500 15.9320 -240.0000
268.2866 15.9000 -240.0000
268.3000 15.8884 -240.0000
268.3446 15.8500 -240.0000
268.3500 15.8454 -240.0000
268.4000 15.8030 -240.0000
268.4035 15.8000 -240.0000
268.4500 15.7610 -240.0000
268.4632 15.7500 -240.0000
268.5000 15.7198 -240.0000
268.5242 15.7000 -240.0000
268.5500 15.6793 -240.0000
268.5870 15.6500 -240.0000
268.6000 15.6398 -240.0000
268.6500 15.6013 -240.0000
268.6518 15.6000 -240.0000
268.7000 15.5639 -240.0000
268.7190 15.5500 -240.0000
268.7500 15.5276 -240.0000
268.7893 15.5000 -240.0000
268.8000 15.4925 -240.0000
268.8500 15.4585 -240.0000
268.8630 15.4500 -240.0000
268.9000 15.4255 -240.0000
268.9399 15.4000 -240.0000
268.9500 15.3935 -240.0000
269.0000 15.3620 -240.0000
269.0196 15.3500 -240.0000
269.0500 15.3311 -240.0000
269.1000 15.3008 -240.0000
269.1014 15.3000 -240.0000
269.1500 15.2705 -240.0000
269.1844 15.2500 -240.0000
269.2000 15.2406 -240.0000
269.2500 15.2109 -240.0000
269.2687 15.2000 -240.0000
269.3000 15.1815 -240.0000
269.3500 15.1528 -240.0000
269.3549 15.1500 -240.0000
269.4000 15.1245 -240.0000
269.4448 15.1000 -240.0000
269.4500 15.0972 -240.0000
269.5000 15.0706 -240.0000
269.5404 15.0500 -240.0000
269.5500 15.0451 -240.0000
269.6000 15.0204 -240.0000
269.6429 15.0000 -240.0000
269.6500 14.9966 -240.0000
269.7000 14.9735 -240.0000
269.7500 14.9510 -240.0000
269.7522 14.9500 -240.0000
269.8000 14.9288 -240.0000
269.8500 14.9070 -240.0000
269.8663 14.9000 -240.0000
269.9000 14.8853 -240.0000
269.9500 14.8637 -240.0000
269.9819 14.8500 -240.0000
270.0000 14.8421 -240.0000
270.0500 14.8203 -240.0000
270.0964 14.8000 -240.0000
270.1000 14.7984 -240.0000
270.1500 14.7762 -240.0000
270.2000 14.7539 -240.0000
270.2087 14.7500 -240.0000
270.2500 14.7313 -240.0000
270.3000 14.7087 -240.0000
270.3193 14.7000 -240.0000
270.3500 14.6860 -240.0000
270.4000 14.6633 -240.0000
270.4296 14.6500 -240.0000
270.4500 14.6407 -240.0000
270.5000 14.6183 -240.0000
270.5415 14.6000 -240.0000
270.5500 14.5962 -240.0000
270.6000 14.5743 -240.0000
270.6500 14.5531 -240.0000
270.6574 14.5500 -240.0000
270.7000 14.5321 -240.0000
270.7500 14.5119 -240.0000
270.7804 14.5000 -240.0000
270.8000 14.4922 -240.0000
270.8500 14.4730 -240.0000
270.9000 14.4545 -240.0000
270.9125 14.4500 -240.0000
270.9500 14.4361 -240.0000
271.0000 14.4179 -240.0000
271.0493 14.4000 -240.0000
271.0500 14.3997 -240.0000
271.1000 14.3807 -240.0000
271.1500 14.3610 -240.0000
271.1769 14.3500 -240.0000
271.2000 14.3402 -240.0000
271.2500 14.3178 -240.0000
271.2880 14.3000 -240.0000
271.3000 14.2941 -240.0000
271.3500 14.2687 -240.0000
271.3854 14.2500 -240.0000
271.4000 14.2421 -240.0000
271.4500 14.2143 -240.0000
271.4753 14.2000 -240.0000
271.5000 14.1859 -240.0000
271.5500 14.1573 -240.0000
271.5627 14.1500 -240.0000
271.6000 14.1286 -240.0000
271.6500 14.1003 -240.0000
271.6505 14.1000 -240.0000
271.7000 14.0722 -240.0000
271.7401 14.0500 -240.0000
271.7500 14.0446 -240.0000
271.8000 14.0173 -240.0000
271.8324 14.0000 -240.0000
271.8500 13.9906 -240.0000
271.9000 13.9645 -240.0000
271.9284 13.9500 -240.0000
271.9500 13.9390 -240.0000
272.0000 13.9143 -240.0000
272.0300 13.9000 -240.0000
272.0500 13.8905 -240.0000
272.1000 13.8675 -240.0000
272.1393 13.8500 -240.0000
272.1500 13.8452 -240.0000
272.2000 13.8234 -240.0000
272.2500 13.8020 -240.0000
272.2547 13.8000 -240.0000
272.3000 13.7803 -240.0000
272.3500 13.7580 -240.0000
272.3674 13.7500 -240.0000
272.4000 13.7346 -240.0000
272.4500 13.7096 -240.0000
272.4679 13.7000 -240.0000
272.5000 13.6823 -240.0000
272.5500 13.6525 -240.0000
272.5539 13.6500 -240.0000
272.6000 13.6195 -240.0000
272.6272 13.6000 -240.0000
272.6500 13.5833 -240.0000
272.6921 13.5500 -240.0000
272.7000 13.5437 -240.0000
272.7500 13.5008 -240.0000
272.7508 13.5000 -240.0000
272.8000 13.4550 -240.0000
272.8052 13.4500 -240.0000
272.8500 13.4071 -240.0000
272.8571 13.4000 -240.0000
272.9000 13.3577 -240.0000
272.9076 13.3500 -240.0000
272.9500 13.3076 -240.0000
272.9574 13.3000 -240.0000
273.0000 13.2572 -240.0000
273.0070 13.2500 -240.0000
273.0500 13.2068 -240.0000
273.0566 13.2000 -240.0000
273.1000 13.1565 -240.0000
273.1063 13.1500 -240.0000
273.1500 13.1059 -240.0000
273.1557 13.1000 -240.0000
273.2000 13.0549 -240.0000
273.2047 13.0500 -240.0000
273.2500 13.0030 -240.0000
273.2528 13.0000 -240.0000
273.3000 12.9501 -240.0000
273.3000 12.9500 -240.0000
273.3463 12.9000 -240.0000
273.3500 12.8961 -240.0000
273.3920 12.8500 -240.0000
273.4000 12.8415 -240.0000
273.4376 12.8000 -240.0000
273.4500 12.7867 -240.0000
273.4835 12.7500 -240.0000
273.5000 12.7326 -240.0000
273.5304 12.7000 -240.0000
273.5500 12.6797 -240.0000
273.5786 12.6500 -240.0000
273.6000 12.6286 -240.0000
273.6286 12.6000 -240.0000
273.6500 12.5793 -240.0000
273.6806 12.5500 -240.0000
273.7000 12.5319 -240.0000
273.7346 12.5000 -240.0000
273.7500 12.4860 -240.0000
273.7903 12.4500 -240.0000
273.8000 12.4414 -240.0000
273.8473 12.4000 -240.0000
273.8500 12.3976 -240.0000
273.9000 12.3539 -240.0000
273.9044 12.3500 -240.0000
273.9500 12.3099 -240.0000
273.9611 12.3000 -240.0000
274.0000 12.2651 -240.0000
274.0166 12.2500 -240.0000
274.0500 12.2194 -240.0000
274.0708 12.2000 -240.0000
274.1000 12.1725 -240.0000
274.1236 12.1500 -240.0000
274.1500 12.1246 -240.0000
274.1754 12.1000 -240.0000
274.2000 12.0761 -240.0000
274.2267 12.0500 -240.0000
274.2500 12.0274 -240.0000
274.2784 12.0000 -240.0000
274.3000 11.9794 -240.0000
274.3312 11.9500 -240.0000
274.3500 11.9325 -240.0000
274.3860 11.9000 -240.0000
274.4000 11.8875 -240.0000
274.4437 11.8500 -240.0000
274.4500 11.8446 -240.0000
274.5000 11.8040 -240.0000
274.5051 11.8000 -240.0000
274.5500 11.7652 -240.0000
274.5709 11.7500 -240.0000
274.6000 11.7285 -240.0000
274.6412 11.7000 -240.0000
274.6500 11.6937 -240.0000
274.7000 11.6598 -240.0000
274.7152 11.6500 -240.0000
274.7500 11.6266 -240.0000
274.7913 11.6000 -240.0000
274.8000 11.5941 -240.0000
274.8500 11.5611 -240.0000
274.8672 11.5500 -240.0000
274.9000 11.5276 -240.0000
274.9410 11.5000 -240.0000
274.9500 11.4936 -240.0000
275.0000 11.4584 -240.0000
275.0119 11.4500 -240.0000
275.0500 11.4220 -240.0000
275.0799 11.4000 -240.0000
275.1000 11.3847 -240.0000
275.1458 11.3500 -240.0000
275.1500 11.3468 -240.0000
275.2000 11.3080 -240.0000
275.2103 11.3000 -240.0000
275.2500 11.2688 -240.0000
275.2742 11.2500 -240.0000
275.3000 11.2298 -240.0000
275.3387 11.2000 -240.0000
275.3500 11.1913 -240.0000
275.4000 11.1535 -240.0000
275.4047 11.1500 -240.0000
275.4500 11.1166 -240.0000
275.4735 11.1000 -240.0000
275.5000 11.0812 -240.0000
275.5466 11.0500 -240.0000
275.5500 11.0477 -240.0000
275.6000 11.0156 -240.0000
275.6262 11.0000 -240.0000
275.6500 10.9855 -240.0000
275.7000 10.9573 -240.0000
275.7138 10.9500 -240.0000
275.7500 10.9304 -240.0000
275.8000 10.9052 -240.0000
275.8111 10.9000 -240.0000
275.8500 10.8808 -240.0000
275.9000 10.8577 -240.0000
275.9175 10.8500 -240.0000
275.9500 10.8348 -240.0000
276.0000 10.8124 -240.0000
276.0284 10.8000 -240.0000
276.0500 10.7899 -240.0000
276.1000 10.7672 -240.0000
276.1383 10.7500 -240.0000
276.1500 10.7444 -240.0000
276.2000 10.7211 -240.0000
276.2459 10.7000 -240.0000
276.2500 10.6980 -240.0000
276.3000 10.6747 -240.0000
276.3500 10.6522 -240.0000
276.3550 10.6500 -240.0000
276.4000 10.6301 -240.0000
276.4500 10.6092 -240.0000
276.4731 10.6000 -240.0000
276.5000 10.5893 -240.0000
276.5500 10.5704 -240.0000
276.6079 10.5500 -240.0000
276.6500 10.5357 -240.0000
276.7000 10.5193 -240.0000
