255.5426 20.9500 -100.0000
255.5500 20.9390 -100.0000
255.5758 20.9000 -100.0000
255.6000 20.8637 -100.0000
255.6088 20.8500 -100.0000
255.6413 20.8000 -100.0000
255.6500 20.7866 -100.0000
255.6728 20.7500 -100.0000
255.7000 20.7064 -100.0000
255.7038 20.7000 -100.0000
255.7332 20.6500 -100.0000
255.7500 20.6211 -100.0000
255.7617 20.6000 -100.0000
255.7887 20.5500 -100.0000
255.8000 20.5287 -100.0000
255.8144 20.5000 -100.0000
255.8387 20.4500 -100.0000
255.8500 20.4259 -100.0000
255.8615 20.4000 -100.0000
255.8830 20.3500 -100.0000
255.9000 20.3093 -100.0000
255.9037 20.3000 -100.0000
255.9227 20.2500 -100.0000
255.9414 20.2000 -100.0000
255.9500 20.1765 -100.0000
255.9593 20.1500 -100.0000
255.9766 20.1000 -100.0000
255.9943 20.0500 -100.0000
256.0000 20.0343 -100.0000
256.0119 20.0000 -100.0000
256.0302 19.9500 -100.0000
256.0500 19.9000 -100.0000
256.0500 19.9000 -100.0000
256.0705 19.8500 -100.0000
256.0933 19.8000 -100.0000
256.1000 19.7864 -100.0000
256.1180 19.7500 -100.0000
256.1457 19.7000 -100.0000
256.1500 19.6928 -100.0000
256.1762 19.6500 -100.0000
256.2000 19.6149 -100.0000
256.2104 19.6000 -100.0000
256.2487 19.5500 -100.0000
256.2500 19.5484 -100.0000
256.2915 19.5000 -100.0000
256.3000 19.4907 -100.0000
256.3398 19.4500 -100.0000
256.3500 19.4401 -100.0000
256.3946 19.4000 -100.0000
256.4000 19.3953 -100.0000
256.4500 19.3556 -100.0000
256.4578 19.3500 -100.0000
256.5000 19.3203 -100.0000
256.5324 19.3000 -100.0000
256.5500 19.2891 -100.0000
256.6000 19.2615 -100.0000
256.6236 19.2500 -100.0000
256.6500 19.2371 -100.0000
256.7000 19.2157 -100.0000
256.7422 19.2000 -100.0000
256.7500 19.1971 -100.0000
256.8000 19.1806 -100.0000
256.8500 19.1664 -100.0000
256.9000 19.1540 -100.0000
256.9189 19.1500 -100.0000
256.9500 19.1432 -100.0000
257.0000 19.1338 -100.0000
257.0500 19.1256 -100.0000
257.1000 19.1186 -100.0000
257.1500 19.1127 -100.0000
257.2000 19.1077 -100.0000
257.2500 19.1037 -100.0000
257.3000 19.1005 -100.0000
257.3102 19.1000 -100.0000
257.3500 19.0980 -100.0000
257.4000 19.0963 -100.0000
257.4500 19.0952 -100.0000
257.5000 19.0948 -100.0000
257.5500 19.0949 -100.0000
257.6000 19.0955 -100.0000
257.6500 19.0964 -100.0000
257.7000 19.0976 -100.0000
257.7500 19.0992 -100.0000
257.7721 19.1000 -100.0000
257.8000 19.1010 -100.0000
257.8500 19.1032 -100.0000
257.9000 19.1060 -100.0000
257.9500 19.1095 -100.0000
258.0000 19.1140 -100.0000
258.0500 19.1196 -100.0000
258.1000 19.1266 -100.0000
258.1500 19.1350 -100.0000
258.2000 19.1449 -100.0000
258.2221 19.1500 -100.0000
258.2500 19.1563 -100.0000
258.3000 19.1690 -100.0000
258.3500 19.1833 -100.0000
258.4000 19.1991 -100.0000
258.4027 19.2000 -100.0000
258.4500 19.2160 -100.0000
258.5000 19.2346 -100.0000
258.5377 19.2500 -100.0000
258.5500 19.2549 -100.0000
258.6000 19.2771 -100.0000
258.6461 19.3000 -100.0000
258.6500 19.3019 -100.0000
258.7000 19.3290 -100.0000
258.7344 19.3500 -100.0000
258.7500 19.3591 -100.0000
258.8000 19.3919 -100.0000
258.8113 19.4000 -100.0000
258.8500 19.4264 -100.0000
258.8823 19.4500 -100.0000
258.9000 19.4620 -100.0000
258.9500 19.4971 -100.0000
258.9541 19.5000 -100.0000
259.0000 19.5293 -100.0000
259.0337 19.5500 -100.0000
259.0500 19.5588 -100.0000
259.1000 19.5839 -100.0000
259.1368 19.6000 -100.0000
259.1500 19.6050 -100.0000
259.2000 19.6210 -100.0000
259.2500 19.6334 -100.0000
259.3000 19.6422 -100.0000
259.3500 19.6476 -100.0000
259.4000 19.6499 -100.0000
259.4500 19.6493 -100.0000
259.5000 19.6463 -100.0000
259.5500 19.6411 -100.0000
259.6000 19.6342 -100.0000
259.6500 19.6257 -100.0000
259.7000 19.6161 -100.0000
259.7500 19.6054 -100.0000
259.7736 19.6000 -100.0000
259.8000 19.5935 -100.0000
259.8500 19.5804 -100.0000
259.9000 19.5668 -100.0000
259.9500 19.5529 -100.0000
259.9599 19.5500 -100.0000
260.0000 19.5375 -100.0000
260.0500 19.5215 -100.0000
260.1000 19.5049 -100.0000
260.1140 19.5000 -100.0000
260.1500 19.4868 -100.0000
260.2000 19.4677 -100.0000
260.2449 19.4500 -100.0000
260.2500 19.4479 -100.0000
260.3000 19.4263 -100.0000
260.3500 19.4045 -100.0000
260.3603 19.4000 -100.0000
260.4000 19.3816 -100.0000
260.4500 19.3588 -100.0000
260.4696 19.3500 -100.0000
260.5000 19.3358 -100.0000
260.5500 19.3133 -100.0000
260.5812 19.3000 -100.0000
260.6000 19.2916 -100.0000
260.6500 19.2707 -100.0000
260.7000 19.2513 -100.0000
260.7034 19.2500 -100.0000
260.7500 19.2321 -100.0000
260.8000 19.2143 -100.0000
260.8427 19.2000 -100.0000
260.8500 19.1975 -100.0000
260.9000 19.1804 -100.0000
260.9500 19.1639 -100.0000
260.9927 19.1500 -100.0000
261.0000 19.1475 -100.0000
261.0500 19.1302 -100.0000
261.1000 19.1128 -100.0000
261.1364 19.1000 -100.0000
261.1500 19.0950 -100.0000
261.2000 19.0760 -100.0000
261.2500 19.0570 -100.0000
261.2681 19.0500 -100.0000
261.3000 19.0371 -100.0000
261.3500 19.0170 -100.0000
261.3930 19.0000 -100.0000
261.4000 18.9971 -100.0000
261.4500 18.9765 -100.0000
261.5000 18.9566 -100.0000
261.5168 18.9500 -100.0000
261.5500 18.9364 -100.0000
261.6000 18.9165 -100.0000
261.6426 18.9000 -100.0000
261.6500 18.8970 -100.0000
261.7000 18.8771 -100.0000
261.7500 18.8577 -100.0000
261.7699 18.8500 -100.0000
261.8000 18.8380 -100.0000
261.8500 18.8183 -100.0000
261.8975 18.8000 -100.0000
261.9000 18.7990 -100.0000
261.9500 18.7790 -100.0000
262.0000 18.7596 -100.0000
262.0250 18.7500 -100.0000
262.0500 18.7400 -100.0000
262.1000 18.7203 -100.0000
262.1500 18.7011 -100.0000
262.1528 18.7000 -100.0000
262.2000 18.6811 -100.0000
262.2500 18.6614 -100.0000
262.2795 18.6500 -100.0000
262.3000 18.6416 -100.0000
262.3500 18.6214 -100.0000
262.4000 18.6014 -100.0000
262.4035 18.6000 -100.0000
262.4500 18.5804 -100.0000
262.5000 18.5597 -100.0000
262.5233 18.5500 -100.0000
262.5500 18.5383 -100.0000
262.6000 18.5165 -100.0000
262.6379 18.5000 -100.0000
262.6500 18.4944 -100.0000
262.7000 18.4712 -100.0000
262.7452 18.4500 -100.0000
262.7500 18.4476 -100.0000
262.8000 18.4224 -100.0000
262.8441 18.4000 -100.0000
262.8500 18.3968 -100.0000
262.9000 18.3695 -100.0000
262.9359 18.3500 -100.0000
262.9500 18.3418 -100.0000
263.0000 18.3130 -100.0000
263.0233 18.3000 -100.0000
263.0500 18.2839 -100.0000
263.1000 18.2550 -100.0000
263.1091 18.2500 -100.0000
263.1500 18.2257 -100.0000
263.1961 18.2000 -100.0000
263.2000 18.1976 -100.0000
263.2500 18.1692 -100.0000
263.2864 18.1500 -100.0000
263.3000 18.1420 -100.0000
263.3500 18.1145 -100.0000
263.3779 18.1000 -100.0000
263.4000 18.0871 -100.0000
263.4500 18.0588 -100.0000
263.4659 18.0500 -100.0000
263.5000 18.0285 -100.0000
263.5456 18.0000 -100.0000
263.5500 17.9969 -100.0000
263.6000 17.9614 -100.0000
263.6160 17.9500 -100.0000
263.6500 17.9229 -100.0000
263.6791 17.9000 -100.0000
263.7000 17.8820 -100.0000
263.7382 17.8500 -100.0000
263.7500 17.8396 -100.0000
263.7968 17.8000 -100.0000
263.8000 17.7972 -100.0000
263.8500 17.7565 -100.0000
263.8586 17.7500 -100.0000
263.9000 17.7190 -100.0000
263.9279 17.7000 -100.0000
263.9500 17.6853 -100.0000
264.0000 17.6554 -100.0000
264.0099 17.6500 -100.0000
264.0500 17.6289 -100.0000
264.1000 17.6057 -100.0000
264.1138 17.6000 -100.0000
264.1500 17.5853 -100.0000
264.2000 17.5673 -100.0000
264.2500 17.5514 -100.0000
264.2549 17.5500 -100.0000
264.3000 17.5372 -100.0000
264.3500 17.5243 -100.0000
264.4000 17.5127 -100.0000
264.4500 17.5018 -100.0000
264.4587 17.5000 -100.0000
264.5000 17.4914 -100.0000
264.5500 17.4811 -100.0000
264.6000 17.4710 -100.0000
264.6500 17.4608 -100.0000
264.7000 17.4504 -100.0000
264.7019 17.4500 -100.0000
264.7500 17.4392 -100.0000
264.8000 17.4273 -100.0000
264.8500 17.4149 -100.0000
264.9000 17.4017 -100.0000
264.9059 17.4000 -100.0000
264.9500 17.3870 -100.0000
265.0000 17.3714 -100.0000
265.0500 17.3549 -100.0000
265.0639 17.3500 -100.0000
265.1000 17.3368 -100.0000
265.1500 17.3176 -100.0000
265.1942 17.3000 -100.0000
265.2000 17.2976 -100.0000
265.2500 17.2760 -100.0000
265.3000 17.2539 -100.0000
265.3087 17.2500 -100.0000
265.3500 17.2306 -100.0000
265.4000 17.2069 -100.0000
265.4143 17.2000 -100.0000
265.4500 17.1822 -100.0000
265.5000 17.1571 -100.0000
265.5141 17.1500 -100.0000
265.5500 17.1311 -100.0000
265.6000 17.1046 -100.0000
265.6086 17.1000 -100.0000
265.6500 17.0768 -100.0000
265.6973 17.0500 -100.0000
265.7000 17.0484 -100.0000
265.7500 17.0180 -100.0000
265.7791 17.0000 -100.0000
265.8000 16.9865 -100.0000
265.8500 16.9535 -100.0000
265.8551 16.9500 -100.0000
265.9000 16.9182 -100.0000
265.9250 16.9000 -100.0000
265.9500 16.8813 -100.0000
265.9907 16.8500 -100.0000
266.0000 16.8426 -100.0000
266.0500 16.8023 -100.0000
266.0527 16.8000 -100.0000
266.1000 16.7603 -100.0000
266.1121 16.7500 -100.0000
266.1500 16.7176 -100.0000
266.1703 16.7000 -100.0000
266.2000 16.6745 -100.0000
266.2285 16.6500 -100.0000
266.2500 16.6319 -100.0000
266.2880 16.6000 -100.0000
266.3000 16.5903 -100.0000
266.3500 16.5501 -100.0000
266.3501 16.5500 -100.0000
266.4000 16.5117 -100.0000
266.4153 16.5000 -100.0000
266.4500 16.4749 -100.0000
266.4849 16.4500 -100.0000
266.5000 16.4398 -100.0000
266.5500 16.4059 -100.0000
266.5586 16.4000 -100.0000
266.6000 16.3729 -100.0000
266.6349 16.3500 -100.0000
266.6500 16.3405 -100.0000
266.7000 16.3083 -100.0000
266.7126 16.3000 -100.0000
266.7500 16.2759 -100.0000
266.7896 16.2500 -100.0000
266.8000 16.2433 -100.0000
266.8500 16.2099 -100.0000
266.8644 16.2000 -100.0000
266.9000 16.1756 -100.0000
266.9362 16.1500 -100.0000
266.9500 16.1403 -100.0000
267.0000 16.1037 -100.0000
267.0048 16.1000 -100.0000
267.0500 16.0655 -100.0000
267.0696 16.0500 -100.0000
267.1000 16.0259 -100.0000
267.1316 16.0000 -100.0000
267.1500 15.9849 -100.0000
267.1912 15.9500 -100.0000
267.2000 15.9425 -100.0000
267.2485 15.9000 -100.0000
267.2500 15.8987 -100.0000
267.3000 15.8534 -100.0000
267.3036 15.8500 -100.0000
267.3500 15.8069 -100.0000
267.3573 15.8000 -100.0000
267.4000 15.7595 -100.0000
267.4099 15.7500 -100.0000
267.4500 15.7114 -100.0000
267.4618 15.7000 -100.0000
267.5000 15.6630 -100.0000
267.5135 15.6500 -100.0000
267.5500 15.6147 -100.0000
267.5652 15.6000 -100.0000
267.6000 15.5666 -100.0000
267.6175 15.5500 -100.0000
267.6500 15.5192 -100.0000
267.6706 15.5000 -100.0000
267.7000 15.4726 -100.0000
267.7248 15.4500 -100.0000
267.7500 15.4271 -100.0000
267.7805 15.4000 -100.0000
267.8000 15.3827 -100.0000
267.8378 15.3500 -100.0000
267.8500 15.3395 -100.0000
267.8970 15.3000 -100.0000
267.9000 15.2975 -100.0000
267.9500 15.2564 -100.0000
267.9579 15.2500 -100.0000
268.0000 15.2163 -100.0000
268.0209 15.2000 -100.0000
268.0500 15.1775 -100.0000
268.0864 15.1500 -100.0000
268.1000 15.1398 -100.0000
268.1500 15.1031 -100.0000
268.1542 15.1000 -100.0000
268.2000 15.0670 -100.0000
268.2242 15.0500 -100.0000
268.2500 15.0320 -100.0000
268.2973 15.0000 -100.0000
268.3000 14.9982 -100.0000
268.3500 14.9648 -100.0000
268.3727 14.9500 -100.0000
268.4000 14.9323 -100.0000
268.4500 14.9010 -100.0000
268.4515 14.9000 -100.0000
268.5000 14.8698 -100.0000
268.5329 14.8500 -100.0000
268.5500 14.8397 -100.0000
268.6000 14.8101 -100.0000
268.6175 14.8000 -100.0000
268.6500 14.7810 -100.0000
268.7000 14.7528 -100.0000
268.7050 14.7500 -100.0000
268.7500 14.7245 -100.0000
268.7954 14.7000 -100.0000
268.8000 14.6975 -100.0000
268.8500 14.6703 -100.0000
268.8892 14.6500 -100.0000
268.9000 14.6443 -100.0000
268.9500 14.6185 -100.0000
268.9877 14.6000 -100.0000
269.0000 14.5938 -100.0000
269.0500 14.5694 -100.0000
269.0920 14.5500 -100.0000
269.1000 14.5462 -100.0000
269.1500 14.5229 -100.0000
269.2000 14.5010 -100.0000
269.2022 14.5000 -100.0000
269.2500 14.4785 -100.0000
269.3000 14.4569 -100.0000
269.3163 14.4500 -100.0000
269.3500 14.4351 -100.0000
269.4000 14.4135 -100.0000
269.4317 14.4000 -100.0000
269.4500 14.3919 -100.0000
269.5000 14.3698 -100.0000
269.5461 14.3500 -100.0000
269.5500 14.3482 -100.0000
269.6000 14.3256 -100.0000
269.6500 14.3037 -100.0000
269.6586 14.3000 -100.0000
269.7000 14.2810 -100.0000
269.7500 14.2588 -100.0000
269.7700 14.2500 -100.0000
269.8000 14.2362 -100.0000
269.8500 14.2137 -100.0000
269.8809 14.2000 -100.0000
269.9000 14.1912 -100.0000
269.9500 14.1683 -100.0000
269.9909 14.1500 -100.0000
270.0000 14.1458 -100.0000
270.0500 14.1224 -100.0000
270.0992 14.1000 -100.0000
270.1000 14.0996 -100.0000
270.1500 14.0756 -100.0000
270.2000 14.0522 -100.0000
270.2047 14.0500 -100.0000
270.2500 14.0277 -100.0000
270.3000 14.0037 -100.0000
270.3078 14.0000 -100.0000
270.3500 13.9789 -100.0000
270.4000 13.9545 -100.0000
270.4093 13.9500 -100.0000
270.4500 13.9295 -100.0000
270.5000 13.9052 -100.0000
270.5108 13.9000 -100.0000
270.5500 13.8805 -100.0000
270.6000 13.8564 -100.0000
270.6134 13.8500 -100.0000
270.6500 13.8320 -100.0000
270.7000 13.8081 -100.0000
270.7171 13.8000 -100.0000
270.7500 13.7840 -100.0000
270.8000 13.7601 -100.0000
270.8213 13.7500 -100.0000
270.8500 13.7360 -100.0000
270.9000 13.7121 -100.0000
270.9255 13.7000 -100.0000
270.9500 13.6881 -100.0000
271.0000 13.6643 -100.0000
271.0309 13.6500 -100.0000
271.0500 13.6409 -100.0000
271.1000 13.6178 -100.0000
271.1400 13.6000 -100.0000
271.1500 13.5954 -100.0000
271.2000 13.5732 -100.0000
271.2500 13.5521 -100.0000
271.2552 13.5500 -100.0000
271.3000 13.5308 -100.0000
271.3500 13.5103 -100.0000
271.3754 13.5000 -100.0000
271.4000 13.4896 -100.0000
271.4500 13.4688 -100.0000
271.4956 13.4500 -100.0000
271.5000 13.4481 -100.0000
271.5500 13.4261 -100.0000
271.6000 13.4042 -100.0000
271.6094 13.4000 -100.0000
271.6500 13.3809 -100.0000
271.7000 13.3574 -100.0000
271.7157 13.3500 -100.0000
271.7500 13.3329 -100.0000
271.8000 13.3080 -100.0000
271.8160 13.3000 -100.0000
271.8500 13.2821 -100.0000
271.9000 13.2562 -100.0000
271.9118 13.2500 -100.0000
271.9500 13.2291 -100.0000
272.0000 13.2021 -100.0000
272.0039 13.2000 -100.0000
272.0500 13.1737 -100.0000
272.0923 13.1500 -100.0000
272.1000 13.1455 -100.0000
272.1500 13.1159 -100.0000
272.1769 13.1000 -100.0000
272.2000 13.0859 -100.0000
272.2500 13.0552 -100.0000
272.2584 13.0500 -100.0000
272.3000 13.0233 -100.0000
272.3365 13.0000 -100.0000
272.3500 12.9911 -100.0000
272.4000 12.9579 -100.0000
272.4118 12.9500 -100.0000
272.4500 12.9238 -100.0000
272.4849 12.9000 -100.0000
272.5000 12.8895 -100.0000
272.5500 12.8546 -100.0000
272.5565 12.8500 -100.0000
272.6000 12.8189 -100.0000
272.6266 12.8000 -100.0000
272.6500 12.7832 -100.0000
272.6965 12.7500 -100.0000
272.7000 12.7475 -100.0000
272.7500 12.7110 -100.0000
272.7651 12.7000 -100.0000
272.8000 12.6742 -100.0000
272.8329 12.6500 -100.0000
272.8500 12.6372 -100.0000
272.8999 12.6000 -100.0000
272.9000 12.5999 -100.0000
272.9500 12.5612 -100.0000
272.9643 12.5500 -100.0000
273.0000 12.5218 -100.0000
273.0273 12.5000 -100.0000
273.0500 12.4817 -100.0000
273.0888 12.4500 -100.0000
273.1000 12.4408 -100.0000
273.1489 12.4000 -100.0000
273.1500 12.3991 -100.0000
273.2000 12.3562 -100.0000
273.2071 12.3500 -100.0000
273.2500 12.3127 -100.0000
273.2645 12.3000 -100.0000
273.3000 12.2689 -100.0000
273.3215 12.2500 -100.0000
273.3500 12.2249 -100.0000
273.3783 12.2000 -100.0000
273.4000 12.1808 -100.0000
273.4351 12.1500 -100.0000
273.4500 12.1368 -100.0000
273.4920 12.1000 -100.0000
273.5000 12.0929 -100.0000
273.5490 12.0500 -100.0000
273.5500 12.0491 -100.0000
273.6000 12.0049 -100.0000
273.6056 12.0000 -100.0000
273.6500 11.9604 -100.0000
273.6617 11.9500 -100.0000
273.7000 11.9155 -100.0000
273.7172 11.9000 -100.0000
273.7500 11.8700 -100.0000
273.7718 11.8500 -100.0000
273.8000 11.8235 -100.0000
273.8249 11.8000 -100.0000
273.8500 11.7759 -100.0000
273.8767 11.7500 -100.0000
273.9000 11.7269 -100.0000
273.9269 11.7000 -100.0000
273.9500 11.6765 -100.0000
273.9759 11.6500 -100.0000
274.0000 11.6250 -100.0000
274.0241 11.6000 -100.0000
274.0500 11.5728 -100.0000
274.0719 11.5500 -100.0000
274.1000 11.5205 -100.0000
274.1198 11.5000 -100.0000
274.1500 11.4687 -100.0000
274.1684 11.4500 -100.0000
274.2000 11.4179 -100.0000
274.2181 11.4000 -100.0000
274.2500 11.3685 -100.0000
274.2693 11.3500 -100.0000
274.3000 11.3205 -100.0000
274.3220 11.3000 -100.0000
274.3500 11.2739 -100.0000
274.3764 11.2500 -100.0000
274.4000 11.2285 -100.0000
274.4322 11.2000 -100.0000
274.4500 11.1841 -100.0000
274.4890 11.1500 -100.0000
274.5000 11.1403 -100.0000
274.5468 11.1000 -100.0000
274.5500 11.0972 -100.0000
274.6000 11.0544 -100.0000
274.6053 11.0500 -100.0000
274.6500 11.0122 -100.0000
274.6647 11.0000 -100.0000
274.7000 10.9707 -100.0000
274.7256 10.9500 -100.0000
274.7500 10.9302 -100.0000
274.7882 10.9000 -100.0000
274.8000 10.8907 -100.0000
274.8500 10.8520 -100.0000
274.8527 10.8500 -100.0000
274.9000 10.8138 -100.0000
274.9183 10.8000 -100.0000
274.9500 10.7762 -100.0000
274.9854 10.7500 -100.0000
275.0000 10.7392 -100.0000
275.0500 10.7025 -100.0000
275.0533 10.7000 -100.0000
275.1000 10.6653 -100.0000
275.1209 10.6500 -100.0000
275.1500 10.6283 -100.0000
275.1883 10.6000 -100.0000
275.2000 10.5912 -100.0000
275.2500 10.5537 -100.0000
275.2550 10.5500 -100.0000
275.3000 10.5153 -100.0000
275.3199 10.5000 -100.0000
275.3500 10.4762 -100.0000
275.3833 10.4500 -100.0000
275.4000 10.4365 -100.0000
275.4449 10.4000 -100.0000
275.4500 10.3958 -100.0000
275.5000 10.3539 -100.0000
275.5047 10.3500 -100.0000
275.5500 10.3111 -100.0000
275.5630 10.3000 -100.0000
275.6000 10.2679 -100.0000
275.6209 10.2500 -100.0000
275.6500 10.2248 -100.0000
275.6794 10.2000 -100.0000
275.7000 10.1826 -100.0000
275.7399 10.1500 -100.0000
275.7500 10.1418 -100.0000
275.8000 10.1031 -100.0000
275.8042 10.1000 -100.0000
275.8500 10.0666 -100.0000
275.8747 10.0500 -100.0000
275.9000 10.0331 -100.0000
275.9500 10.0025 -100.0000
275.9545 10.0000 -100.0000
276.0000 9.9743 -100.0000
276.0484 9.9500 -100.0000
276.0500 9.9492 -100.0000
276.1000 9.9256 -100.0000
276.1500 9.9043 -100.0000
276.1609 9.9000 -100.0000
276.2000 9.8839 -100.0000
276.2500 9.8645 -100.0000
276.2890 9.8500 -100.0000
276.3000 9.8457 -100.0000
276.3500 9.8260 -100.0000
276.4000 9.8060 -100.0000
276.4146 9.8000 -100.0000
276.4500 9.7842 -100.0000
276.5000 9.7608 -100.0000
276.5217 9.7500 -100.0000
276.5500 9.7347 -100.0000
276.6000 9.7061 -100.0000
276.6101 9.7000 -100.0000
276.6500 9.6736 -100.0000
276.6842 9.6500 -100.0000
276.7000 9.6381 -100.0000
276.7487 9.6000 -100.0000
276.7500 9.5989 -100.0000
276.8000 9.5553 -100.0000
276.8059 9.5500 -100.0000
276.8500 9.5079 -100.0000
276.8582 9.5000 -100.0000
276.9000 9.4572 -100.0000
276.9070 9.4500 -100.0000
276.9500 9.4036 -100.0000
276.9533 9.4000 -100.0000
276.9983 9.3500 -100.0000
277.0000 9.3481 -100.0000
277.0431 9.3000 -100.0000
277.0500 9.2923 -100.0000
277.0885 9.2500 -100.0000
277.1000 9.2377 -100.0000
