259.1000 20.4777 -280.0000
259.1443 20.4500 -280.0000
259.1500 20.4466 -280.0000
259.2000 20.4164 -280.0000
259.2288 20.4000 -280.0000
259.2500 20.3884 -280.0000
259.3000 20.3628 -280.0000
259.3280 20.3500 -280.0000
259.3500 20.3401 -280.0000
259.4000 20.3203 -280.0000
259.4500 20.3037 -280.0000
259.4634 20.3000 -280.0000
259.5000 20.2897 -280.0000
259.5500 20.2784 -280.0000
259.6000 20.2697 -280.0000
259.6500 20.2633 -280.0000
259.7000 20.2590 -280.0000
259.7500 20.2564 -280.0000
259.8000 20.2552 -280.0000
259.8500 20.2550 -280.0000
259.9000 20.2554 -280.0000
259.9500 20.2560 -280.0000
260.0000 20.2564 -280.0000
260.0500 20.2561 -280.0000
260.1000 20.2548 -280.0000
260.1500 20.2521 -280.0000
260.1741 20.2500 -280.0000
260.2000 20.2476 -280.0000
260.2500 20.2412 -280.0000
260.3000 20.2330 -280.0000
260.3500 20.2230 -280.0000
260.4000 20.2114 -280.0000
260.4438 20.2000 -280.0000
260.4500 20.1983 -280.0000
260.5000 20.1838 -280.0000
260.5500 20.1681 -280.0000
260.6000 20.1515 -280.0000
260.6044 20.1500 -280.0000
260.6500 20.1340 -280.0000
260.7000 20.1157 -280.0000
260.7417 20.1000 -280.0000
260.7500 20.0968 -280.0000
260.8000 20.0773 -280.0000
260.8500 20.0574 -280.0000
260.8682 20.0500 -280.0000
260.9000 20.0371 -280.0000
260.9500 20.0165 -280.0000
260.9898 20.0000 -280.0000
261.0000 19.9958 -280.0000
261.0500 19.9751 -280.0000
261.1000 19.9545 -280.0000
261.1110 19.9500 -280.0000
261.1500 19.9342 -280.0000
261.2000 19.9142 -280.0000
261.2357 19.9000 -280.0000
261.2500 19.8944 -280.0000
261.3000 19.8751 -280.0000
261.3500 19.8561 -280.0000
261.3664 19.8500 -280.0000
261.4000 19.8375 -280.0000
261.4500 19.8192 -280.0000
261.5000 19.8009 -280.0000
261.5024 19.8000 -280.0000
261.5500 19.7827 -280.0000
261.6000 19.7645 -280.0000
261.6391 19.7500 -280.0000
261.6500 19.7460 -280.0000
261.7000 19.7274 -280.0000
261.7500 19.7085 -280.0000
261.7720 19.7000 -280.0000
261.8000 19.6893 -280.0000
261.8500 19.6699 -280.0000
261.9000 19.6502 -280.0000
261.9004 19.6500 -280.0000
261.9500 19.6302 -280.0000
262.0000 19.6102 -280.0000
262.0250 19.6000 -280.0000
262.0500 19.5899 -280.0000
262.1000 19.5696 -280.0000
262.1480 19.5500 -280.0000
262.1500 19.5492 -280.0000
262.2000 19.5288 -280.0000
262.2500 19.5085 -280.0000
262.2712 19.5000 -280.0000
262.3000 19.4885 -280.0000
262.3500 19.4690 -280.0000
262.4000 19.4502 -280.0000
262.4005 19.4500 -280.0000
262.4500 19.4321 -280.0000
262.5000 19.4152 -280.0000
262.5489 19.4000 -280.0000
262.5500 19.3996 -280.0000
262.6000 19.3853 -280.0000
262.6500 19.3724 -280.0000
262.7000 19.3610 -280.0000
262.7500 19.3511 -280.0000
262.7562 19.3500 -280.0000
262.8000 19.3423 -280.0000
262.8500 19.3347 -280.0000
262.9000 19.3283 -280.0000
262.9500 19.3230 -280.0000
263.0000 19.3185 -280.0000
263.0500 19.3149 -280.0000
263.1000 19.3122 -280.0000
263.1500 19.3103 -280.0000
263.2000 19.3094 -280.0000
263.2500 19.3096 -280.0000
263.3000 19.3110 -280.0000
263.3500 19.3139 -280.0000
263.4000 19.3186 -280.0000
267.9388 16.5000 -280.0000
267.9500 16.4838 -280.0000
267.9738 16.4500 -280.0000
268.0000 16.4149 -280.0000
268.0114 16.4000 -280.0000
268.0500 16.3519 -280.0000
268.0516 16.3500 -280.0000
268.0948 16.3000 -280.0000
268.1000 16.2942 -280.0000
268.1408 16.2500 -280.0000
268.1500 16.2404 -280.0000
268.1894 16.2000 -280.0000
268.2000 16.1894 -280.0000
268.2400 16.1500 -280.0000
268.2500 16.1404 -280.0000
268.2922 16.1000 -280.0000
268.3000 16.0927 -280.0000
268.3454 16.0500 -280.0000
268.3500 16.0458 -280.0000
268.3994 16.0000 -280.0000
268.4000 15.9994 -280.0000
268.4500 15.9536 -280.0000
268.4539 15.9500 -280.0000
268.5000 15.9083 -280.0000
268.5091 15.9000 -280.0000
268.5500 15.8638 -280.0000
268.5655 15.8500 -280.0000
268.6000 15.8202 -280.0000
268.6235 15.8000 -280.0000
268.6500 15.7779 -280.0000
268.6838 15.7500 -280.0000
268.7000 15.7370 -280.0000
268.7471 15.7000 -280.0000
268.7500 15.6977 -280.0000
269.2101 15.4000 -280.0000
269.2500 15.3768 -280.0000
269.2968 15.3500 -280.0000
269.3000 15.3481 -280.0000
269.3500 15.3194 -280.0000
269.3843 15.3000 -280.0000
269.4000 15.2910 -280.0000
269.4500 15.2630 -280.0000
269.4736 15.2500 -280.0000
269.5000 15.2355 -280.0000
269.5500 15.2088 -280.0000
269.5668 15.2000 -280.0000
269.6000 15.1828 -280.0000
269.6500 15.1577 -280.0000
269.6657 15.1500 -280.0000
269.7000 15.1334 -280.0000
269.7500 15.1098 -280.0000
269.7713 15.1000 -280.0000
269.8000 15.0868 -280.0000
269.8500 15.0643 -280.0000
269.8822 15.0500 -280.0000
269.9000 15.0421 -280.0000
269.9500 15.0201 -280.0000
269.9957 15.0000 -280.0000
270.0000 14.9981 -280.0000
270.0500 14.9761 -280.0000
270.1000 14.9539 -280.0000
270.1088 14.9500 -280.0000
270.1500 14.9316 -280.0000
270.2000 14.9092 -280.0000
270.2204 14.9000 -280.0000
270.2500 14.8866 -280.0000
270.3000 14.8640 -280.0000
270.3309 14.8500 -280.0000
270.3500 14.8413 -280.0000
270.4000 14.8187 -280.0000
270.4418 14.8000 -280.0000
270.4500 14.7963 -280.0000
270.5000 14.7741 -280.0000
270.5500 14.7523 -280.0000
270.5553 14.7500 -280.0000
270.6000 14.7307 -280.0000
270.6500 14.7098 -280.0000
270.6739 14.7000 -280.0000
270.7000 14.6893 -280.0000
270.7500 14.6694 -280.0000
270.8000 14.6502 -280.0000
270.8005 14.6500 -280.0000
270.8500 14.6314 -280.0000
270.9000 14.6133 -280.0000
270.9377 14.6000 -280.0000
270.9500 14.5956 -280.0000
271.0000 14.5782 -280.0000
271.0500 14.5608 -280.0000
271.0811 14.5500 -280.0000
271.1000 14.5433 -280.0000
271.1500 14.5251 -280.0000
271.2000 14.5062 -280.0000
271.2155 14.5000 -280.0000
271.2500 14.4859 -280.0000
271.3000 14.4644 -280.0000
271.3314 14.4500 -280.0000
271.3500 14.4413 -280.0000
271.4000 14.4165 -280.0000
271.4317 14.4000 -280.0000
271.4500 14.3903 -280.0000
271.5000 14.3628 -280.0000
271.5228 14.3500 -280.0000
271.5500 14.3344 -280.0000
271.6000 14.3057 -280.0000
271.6099 14.3000 -280.0000
271.6500 14.2767 -280.0000
271.6967 14.2500 -280.0000
271.7000 14.2481 -280.0000
271.7500 14.2198 -280.0000
271.7859 14.2000 -280.0000
271.8000 14.1921 -280.0000
271.8500 14.1651 -280.0000
271.8788 14.1500 -280.0000
271.9000 14.1388 -280.0000
